datasheet_id|stratagem_id|
000000001|000002974012|
000000001|000002972002|
000000001|000002967002|
000000001|000002973002|
000000001|000003325002|
000000001|000002974011|
000000001|000002970002|
000000001|000002974016|
000000001|000002968002|
000000001|000002974009|
000000001|000003326004|
000000001|000002974015|
000000001|000002974021|
000000001|000006076009|
000000002|000002974012|
000000002|000003326004|
000000002|000002970002|
000000002|000002974009|
000000002|000002974011|
000000002|000002974015|
000000002|000002968002|
000000002|000002974016|
000000002|000002974021|
000000002|000003325002|
000000002|000002967002|
000000002|000002973002|
000000003|000003319002|
000000003|000002974016|
000000003|000006084005|
000000003|000006084002|
000000003|000002974011|
000000003|000002970002|
000000003|000002974009|
000000003|000002967002|
000000003|000002968002|
000000003|000002969002|
000000003|000002974012|
000000003|000006084004|
000000003|000002974021|
000000004|000002970002|
000000004|000002974016|
000000004|000002967002|
000000004|000002974012|
000000004|000002972002|
000000004|000002974011|
000000004|000002973002|
000000004|000002968002|
000000004|000002974009|
000000004|000002974015|
000000004|000003326004|
000000005|000002972002|
000000005|000002973002|
000000005|000002967002|
000000005|000002974011|
000000005|000003326004|
000000005|000002974009|
000000005|000003322002|
000000005|000002970002|
000000005|000002974012|
000000005|000002974016|
000000005|000002968002|
000000006|000003322002|
000000006|000006076009|
000000006|000002974016|
000000006|000002970002|
000000006|000002974009|
000000006|000002974012|
000000006|000002967002|
000000006|000002968002|
000000006|000002974021|
000000006|000003326004|
000000006|000002973002|
000000006|000002974026|
000000006|000002974011|
000000006|000002974015|
000000007|000002969002|
000000007|000002974021|
000000007|000003322002|
000000007|000002974011|
000000007|000006084002|
000000007|000002967002|
000000007|000003319002|
000000007|000002970002|
000000007|000006084005|
000000007|000002968002|
000000007|000002974009|
000000007|000002974012|
000000007|000006084004|
000000007|000002974016|
000000007|000002974026|
000000008|000002974021|
000000008|000003325002|
000000008|000002974009|
000000008|000002967002|
000000009|000003325002|
000000009|000002974015|
000000009|000002974009|
000000009|000002974016|
000000009|000003326004|
000000009|000002974005|
000000009|000002973002|
000000010|000002974009|
000000010|000002974016|
000000010|000003326004|
000000010|000002967002|
000000010|000002974015|
000000011|000006076005|
000000011|000002972002|
000000011|000003326004|
000000011|000002974016|
000000011|000002974015|
000000011|000002974009|
000000012|000003326004|
000000012|000002974016|
000000012|000002974009|
000000012|000002973002|
000000012|000002974012|
000000012|000002967002|
000000012|000002970002|
000000012|000002974011|
000000012|000002972002|
000000012|000002974015|
000000012|000002968002|
000000013|000002974015|
000000013|000002967002|
000000013|000002970002|
000000013|000002973002|
000000013|000002974011|
000000013|000002974012|
000000013|000003326004|
000000013|000002972002|
000000013|000002974009|
000000013|000002968002|
000000013|000002974016|
000000014|000002969002|
000000014|000002974021|
000000014|000006084002|
000000014|000006084004|
000000014|000002970002|
000000014|000003319002|
000000014|000002974012|
000000014|000006084005|
000000014|000002974009|
000000014|000002968002|
000000014|000002974016|
000000014|000002974011|
000000014|000002967002|
000000015|000002970002|
000000015|000002974016|
000000015|000002974015|
000000015|000002974009|
000000015|000003326004|
000000016|000002972002|
000000016|000002967002|
000000016|000002973002|
000000016|000006076003|
000000016|000002974021|
000000016|000002974013|
000000016|000002970002|
000000016|000002974016|
000000016|000003326004|
000000016|000002974015|
000000016|000002968002|
000000016|000002974008|
000000016|000002974003|
000000016|000006076009|
000000016|000002974023|
000000017|000002974016|
000000017|000002972002|
000000017|000002967002|
000000017|000002973002|
000000017|000002970002|
000000017|000006076003|
000000017|000002968002|
000000018|000002970002|
000000018|000002974016|
000000018|000002972002|
000000018|000002974009|
000000018|000002974011|
000000018|000002967002|
000000018|000002974012|
000000018|000002973002|
000000018|000003326004|
000000018|000002974015|
000000018|000002968002|
000000019|000003326004|
000000019|000006076003|
000000019|000002973002|
000000019|000002974020|
000000019|000002974013|
000000019|000002968002|
000000019|000002974016|
000000019|000002974021|
000000019|000002972002|
000000019|000002967002|
000000019|000002974008|
000000019|000002974015|
000000019|000002970002|
000000020|000003326004|
000000020|000002973002|
000000020|000002974023|
000000020|000002972002|
000000020|000002970002|
000000020|000002968002|
000000020|000002974016|
000000020|000002967002|
000000020|000006076003|
000000020|000002974015|
000000020|000002974008|
000000020|000002974013|
000000021|000002974016|
000000021|000002967002|
000000021|000006076003|
000000021|000002970002|
000000021|000002974013|
000000021|000002968002|
000000021|000006076009|
000000021|000002972002|
000000021|000002973002|
000000021|000003326004|
000000021|000002974008|
000000021|000002974021|
000000021|000002974015|
000000022|000002973002|
000000022|000002970002|
000000022|000002974009|
000000022|000002974016|
000000022|000002974011|
000000022|000002974021|
000000022|000002968002|
000000022|000002974015|
000000022|000003326004|
000000022|000002972002|
000000022|000002974012|
000000022|000002967002|
000000024|000006076009|
000000024|000002974021|
000000024|000002974008|
000000024|000003326004|
000000024|000002974006|
000000024|000002974016|
000000024|000006076003|
000000024|000002968002|
000000024|000002974015|
000000024|000002967002|
000000024|000002970002|
000000024|000002974013|
000000024|000002973002|
000000025|000006076005|
000000025|000002973002|
000000025|000002974016|
000000025|000002970002|
000000025|000002967002|
000000025|000003326004|
000000025|000006076003|
000000025|000002972002|
000000025|000002974013|
000000025|000002974015|
000000025|000002968002|
000000025|000002974008|
000000025|000002974021|
000000025|000002974023|
000000026|000002974002|
000000026|000002974021|
000000026|000002974004|
000000026|000006076003|
000000026|000002974016|
000000027|000002967002|
000000027|000002972002|
000000027|000002968002|
000000027|000003326004|
000000027|000002973002|
000000027|000006076003|
000000027|000002970002|
000000027|000002974016|
000000027|000002974013|
000000027|000002974015|
000000027|000006076002|
000000027|000002974008|
000000028|000006084006|
000000028|000006084004|
000000028|000003319002|
000000028|000006084002|
000000028|000006076003|
000000028|000002974008|
000000028|000006084005|
000000028|000002974004|
000000028|000002974016|
000000028|000002974022|
000000028|000002969002|
000000029|000006084005|
000000029|000002974004|
000000029|000002974021|
000000029|000006076003|
000000029|000006084002|
000000029|000002974016|
000000029|000002974002|
000000030|000006084002|
000000030|000002974004|
000000030|000002974018|
000000030|000006084005|
000000030|000002974021|
000000030|000002974002|
000000030|000002974016|
000000030|000006076003|
000000031|000002974016|
000000031|000006084005|
000000031|000006076003|
000000031|000006084002|
000000031|000002974004|
000000031|000002974002|
000000031|000002974021|
000000032|000006084002|
000000032|000002974004|
000000032|000006076003|
000000032|000002974016|
000000032|000006084005|
000000032|000002974021|
000000032|000002974002|
000000033|000006084003|
000000033|000002969002|
000000033|000002970002|
000000033|000002968002|
000000033|000006084005|
000000033|000002974008|
000000033|000006084002|
000000033|000002974021|
000000033|000003319002|
000000033|000002974013|
000000033|000006076003|
000000033|000002974016|
000000033|000006084004|
000000033|000002967002|
000000034|000003319002|
000000034|000002969002|
000000034|000006084004|
000000034|000006084005|
000000034|000006076003|
000000034|000002974016|
000000034|000002974021|
000000034|000002974022|
000000034|000002974004|
000000034|000002974002|
000000034|000002974008|
000000034|000006084002|
000000035|000006084005|
000000035|000002974022|
000000035|000002969002|
000000035|000003319002|
000000035|000002974002|
000000035|000006084004|
000000035|000002974004|
000000035|000006084002|
000000035|000006076003|
000000035|000002974016|
000000035|000002974008|
000000036|000006084002|
000000036|000002974021|
000000036|000002974008|
000000036|000002974002|
000000036|000003319002|
000000036|000002974004|
000000036|000006084005|
000000036|000006084004|
000000036|000002969002|
000000036|000002974022|
000000036|000002974016|
000000036|000006076003|
000000037|000002974002|
000000037|000002974004|
000000037|000002974016|
000000037|000006076003|
000000038|000002974002|
000000038|000002974016|
000000038|000002974004|
000000038|000006076003|
000000039|000002974016|
000000039|000006084002|
000000039|000002974002|
000000039|000003325002|
000000039|000006076003|
000000039|000002974021|
000000039|000003326004|
000000039|000002974004|
000000039|000006084005|
000000040|000002974008|
000000040|000002974004|
000000040|000002974021|
000000040|000006076003|
000000040|000003322002|
000000040|000002974002|
000000040|000002974016|
000000041|000002974021|
000000041|000002974002|
000000041|000003322002|
000000041|000002974016|
000000041|000006076003|
000000041|000002974004|
000000042|000003322002|
000000042|000002974021|
000000042|000002974017|
000000042|000002974026|
000000042|000006076003|
000000042|000002974004|
000000042|000002974016|
000000042|000002974002|
000000043|000002974004|
000000043|000003322002|
000000043|000002974016|
000000043|000002974021|
000000043|000006076003|
000000043|000002974002|
000000043|000002974017|
000000044|000002972002|
000000044|000002974015|
000000044|000002967002|
000000044|000002968002|
000000044|000006076004|
000000044|000002974013|
000000044|000002973002|
000000044|000002970002|
000000044|000003326004|
000000044|000002974008|
000000044|000002974016|
000000044|000006076003|
000000044|000002974021|
000000045|000002972002|
000000045|000002974005|
000000045|000002974015|
000000045|000002974016|
000000045|000006076003|
000000045|000002974008|
000000045|000002973002|
000000045|000003326004|
000000046|000002974002|
000000046|000002974021|
000000046|000006076003|
000000046|000003229002|
000000046|000002974004|
000000046|000002974016|
000000046|000002974017|
000000047|000003319002|
000000047|000006084004|
000000047|000002969002|
000000047|000003325002|
000000047|000002974009|
000000047|000006084005|
000000047|000006084002|
000000047|000002974021|
000000047|000002974016|
000000048|000003326004|
000000048|000002974016|
000000048|000003322002|
000000048|000002974015|
000000048|000002974009|
000000048|000002967002|
000000049|000002974016|
000000049|000002974021|
000000049|000002974002|
000000049|000002974004|
000000049|000006076003|
000000050|000006076003|
000000050|000002974021|
000000050|000002974002|
000000050|000002974016|
000000050|000006076009|
000000050|000002974004|
000000051|000006076003|
000000052|000002974016|
000000052|000006076003|
000000052|000002974004|
000000052|000002974002|
000000053|000002974016|
000000053|000002974002|
000000053|000006076003|
000000053|000002974004|
000000053|000002974021|
000000053|000003325002|
000000053|000003326004|
000000054|000002974002|
000000054|000006076003|
000000054|000002974021|
000000054|000002974016|
000000054|000002974004|
000000055|000002974002|
000000055|000002974016|
000000055|000002974004|
000000055|000006076003|
000000055|000002974021|
000000056|000006076003|
000000056|000002974021|
000000056|000002974004|
000000056|000002974002|
000000056|000002974016|
000000057|000002974004|
000000057|000002974016|
000000057|000006076003|
000000057|000006084002|
000000057|000002974021|
000000057|000002974002|
000000057|000006084005|
000000058|000002974002|
000000058|000002974004|
000000058|000002974016|
000000058|000002974021|
000000058|000006076003|
000000059|000006076003|
000000060|000003699004|
000000060|000003817008|
000000060|000003618003|
000000060|000003618014|
000000060|000003618017|
000000060|000003659014|
000000060|000003659002|
000000060|000004543004|
000000060|000005265003|
000000060|000003659012|
000000060|000003607004|
000000060|000003699003|
000000060|000003180002|
000000060|000003672012|
000000060|000005294003|
000000060|000003699002|
000000060|000003699007|
000000060|000004630014|
000000060|000004543005|
000000060|000003693009|
000000060|000004846019|
000000060|000004543015|
000000060|000002164027|
000000060|000003693014|
000000060|000002164016|
000000060|000003453002|
000000060|000004630011|
000000060|000003618004|
000000060|000004630006|
000000060|000004566018|
000000060|000003659016|
000000060|000004566010|
000000060|000002164018|
000000060|000003618008|
000000060|000003607007|
000000060|000004543009|
000000060|000002164021|
000000060|000004846008|
000000060|000004543008|
000000060|000005265002|
000000060|000004566006|
000000060|000003607013|
000000060|000006011003|
000000060|000003672014|
000000060|000006011005|
000000060|000003693010|
000000060|000003693007|
000000060|000003817006|
000000060|000004846015|
000000060|000004630013|
000000060|000004630016|
000000060|000003659006|
000000060|000004846014|
000000060|000003817004|
000000060|000004630003|
000000060|000003607016|
000000060|000004543012|
000000060|000003817002|
000000060|000003659008|
000000060|000003672009|
000000060|000002164020|
000000060|000005294002|
000000060|000003699014|
000000060|000003672016|
000000060|000003699005|
000000060|000002164009|
000000060|000003659013|
000000060|000003817005|
000000060|000003699009|
000000060|000003817013|
000000060|000004543006|
000000060|000003607014|
000000060|000003699016|
000000060|000002164015|
000000060|000004566011|
000000060|000003699011|
000000060|000004630010|
000000060|000003693006|
000000060|000003693005|
000000061|000003817013|
000000061|000004543005|
000000061|000003618014|
000000061|000003693010|
000000061|000004630016|
000000061|000003693009|
000000061|000003672014|
000000061|000003817005|
000000061|000003817002|
000000061|000003699007|
000000061|000003607013|
000000061|000004566018|
000000061|000003672016|
000000061|000003607014|
000000061|000003607016|
000000061|000002164009|
000000061|000003693005|
000000061|000002164021|
000000061|000003659012|
000000061|000003618003|
000000061|000003693014|
000000061|000003672012|
000000061|000002164015|
000000061|000004543004|
000000061|000004630006|
000000061|000003699004|
000000061|000004846008|
000000061|000003699011|
000000061|000003693006|
000000061|000003659006|
000000061|000004566004|
000000061|000004630013|
000000061|000004630003|
000000061|000003618017|
000000061|000002164004|
000000061|000003180002|
000000061|000004566011|
000000061|000002164016|
000000061|000005294003|
000000061|000005265003|
000000061|000003659014|
000000061|000003659008|
000000061|000003699014|
000000061|000003672009|
000000061|000004543008|
000000061|000003618004|
000000061|000004543012|
000000061|000003817008|
000000061|000004630010|
000000061|000003699002|
000000061|000003817006|
000000061|000004846015|
000000061|000004566006|
000000061|000006011003|
000000061|000003607004|
000000061|000003699005|
000000061|000003699016|
000000061|000004543009|
000000061|000003693007|
000000061|000003618008|
000000061|000005265002|
000000061|000002164020|
000000061|000003699009|
000000061|000003699003|
000000061|000005294002|
000000061|000006011005|
000000061|000003607007|
000000061|000003817004|
000000061|000004630014|
000000061|000003659002|
000000061|000004630011|
000000061|000003659016|
000000061|000002164027|
000000061|000004543015|
000000061|000004566010|
000000061|000003453002|
000000061|000004543006|
000000061|000004846019|
000000063|000004543008|
000000063|000002164021|
000000063|000003699003|
000000063|000003693010|
000000063|000003659002|
000000063|000005265003|
000000063|000004566006|
000000063|000005253003|
000000063|000003817005|
000000063|000004630013|
000000063|000002164009|
000000063|000003659012|
000000063|000003672014|
000000063|000003693009|
000000063|000004630014|
000000063|000002164005|
000000063|000004630003|
000000063|000005265002|
000000063|000003699016|
000000063|000003659008|
000000063|000002164027|
000000063|000003618003|
000000063|000004630011|
000000063|000003659014|
000000063|000006011005|
000000063|000003699014|
000000063|000004543006|
000000063|000004566010|
000000063|000002164020|
000000063|000003672016|
000000063|000004630016|
000000063|000003693005|
000000063|000004543012|
000000063|000003699011|
000000063|000003607004|
000000063|000003607013|
000000063|000003693006|
000000063|000003618017|
000000063|000003817008|
000000063|000003699009|
000000063|000005294002|
000000063|000003659016|
000000063|000003618014|
000000063|000003607014|
000000063|000003453002|
000000063|000002164008|
000000063|000002164007|
000000063|000004566011|
000000063|000003672009|
000000063|000004543004|
000000063|000004543005|
000000063|000003699004|
000000063|000003817006|
000000063|000003817002|
000000063|000003659006|
000000063|000003618004|
000000063|000003817004|
000000063|000003817013|
000000063|000004846019|
000000063|000004846008|
000000063|000006011003|
000000063|000005294003|
000000063|000004543015|
000000063|000004630006|
000000063|000003672012|
000000063|000004630010|
000000063|000002164015|
000000063|000003693007|
000000063|000004543009|
000000063|000004846015|
000000063|000003180002|
000000063|000003607007|
000000063|000003607016|
000000063|000002164016|
000000063|000003693014|
000000064|000003607007|
000000064|000004566005|
000000064|000002164016|
000000064|000003817004|
000000064|000004543009|
000000064|000004630011|
000000064|000003672012|
000000064|000003699002|
000000064|000003699004|
000000064|000003699009|
000000064|000003817005|
000000064|000003699016|
000000064|000004543015|
000000064|000003607004|
000000064|000003699014|
000000064|000004630006|
000000064|000003607014|
000000064|000004846008|
000000064|000003659014|
000000064|000003693005|
000000064|000003672014|
000000064|000003618009|
000000064|000003693010|
000000064|000003659016|
000000064|000004846015|
000000064|000005265002|
000000064|000003180002|
000000064|000004630014|
000000064|000004630010|
000000064|000003699007|
000000064|000002164017|
000000064|000003817002|
000000064|000003618004|
000000064|000003607013|
000000064|000003672016|
000000064|000003618014|
000000064|000003693006|
000000064|000006011005|
000000064|000002164015|
000000064|000005294002|
000000064|000004846016|
000000064|000004566011|
000000064|000004566015|
000000064|000004630016|
000000064|000003191003|
000000064|000002164009|
000000064|000003693009|
000000064|000004630013|
000000064|000003817006|
000000064|000003618008|
000000064|000003618003|
000000064|000003618002|
000000064|000003693007|
000000064|000003190002|
000000064|000003699003|
000000064|000004566018|
000000064|000002164019|
000000064|000004543004|
000000064|000004543008|
000000064|000003817008|
000000064|000006011003|
000000064|000005294003|
000000064|000004566013|
000000064|000004543012|
000000064|000003191002|
000000064|000003607016|
000000064|000004566010|
000000064|000003699005|
000000064|000003659006|
000000064|000003618017|
000000064|000004543006|
000000065|000003693010|
000000065|000003659013|
000000065|000004543009|
000000065|000004566018|
000000065|000004566010|
000000065|000003607016|
000000065|000004566004|
000000065|000002164027|
000000065|000003699007|
000000065|000003699003|
000000065|000004846014|
000000065|000003699005|
000000065|000002164018|
000000065|000004630006|
000000065|000003453002|
000000065|000004846015|
000000065|000004543012|
000000065|000002164016|
000000065|000003618014|
000000065|000005294003|
000000065|000003659014|
000000065|000004846008|
000000065|000004543005|
000000065|000003672014|
000000065|000004543006|
000000065|000005265003|
000000065|000003699016|
000000065|000003618008|
000000065|000003618017|
000000065|000004630011|
000000065|000004630009|
000000065|000003618003|
000000065|000003693009|
000000065|000003477002|
000000065|000003659016|
000000065|000003618004|
000000065|000003672009|
000000065|000004630016|
000000065|000003659006|
000000065|000002164015|
000000065|000003672012|
000000065|000003693007|
000000065|000003693005|
000000065|000002164009|
000000065|000004630010|
000000065|000004566011|
000000065|000002164021|
000000065|000003607007|
000000065|000003659012|
000000065|000003659002|
000000065|000003693014|
000000065|000005294002|
000000065|000004630013|
000000065|000002164020|
000000065|000005265002|
000000065|000003607013|
000000065|000003672016|
000000065|000003699009|
000000065|000004630003|
000000065|000003699002|
000000065|000004543007|
000000065|000006011003|
000000065|000003659008|
000000065|000004566006|
000000065|000003699004|
000000065|000003699014|
000000065|000003607014|
000000065|000006011005|
000000065|000003699011|
000000065|000003693006|
000000065|000004630014|
000000065|000004846019|
000000066|000005294003|
000000066|000004630014|
000000066|000005265002|
000000066|000003618017|
000000066|000004566018|
000000066|000003699009|
000000066|000004566011|
000000066|000003699007|
000000066|000004846015|
000000066|000003659012|
000000066|000003699011|
000000066|000004566010|
000000066|000004543009|
000000066|000004846019|
000000066|000003699002|
000000066|000006011005|
000000066|000003659014|
000000066|000004543006|
000000066|000003693009|
000000066|000002164009|
000000066|000006011003|
000000066|000002164004|
000000066|000003672009|
000000066|000003699005|
000000066|000002164027|
000000066|000004630016|
000000066|000003453002|
000000066|000003699003|
000000066|000004630009|
000000066|000004566004|
000000066|000003693007|
000000066|000004630003|
000000066|000003672016|
000000066|000002164020|
000000066|000002164015|
000000066|000003699016|
000000066|000003659006|
000000066|000004566006|
000000066|000003672012|
000000066|000003607007|
000000066|000003699004|
000000066|000003607013|
000000066|000003618008|
000000066|000004543007|
000000066|000003659002|
000000066|000003693005|
000000066|000003659008|
000000066|000003693006|
000000066|000003699014|
000000066|000005294002|
000000066|000003607014|
000000066|000003618004|
000000066|000004543005|
000000066|000002164021|
000000066|000003693010|
000000066|000005265003|
000000066|000004543012|
000000066|000004630013|
000000066|000002164016|
000000066|000003672014|
000000066|000003659016|
000000066|000004846008|
000000066|000003477002|
000000066|000003693014|
000000066|000003607016|
000000066|000004630006|
000000066|000004630011|
000000066|000003618003|
000000066|000004630010|
000000066|000003618014|
000000067|000003693009|
000000067|000003659016|
000000067|000002164009|
000000067|000002164017|
000000067|000004566011|
000000067|000003618008|
000000067|000003607014|
000000067|000003672016|
000000067|000004630013|
000000067|000004630006|
000000067|000002164019|
000000067|000003607013|
000000067|000004846008|
000000067|000006011003|
000000067|000002164015|
000000067|000003618002|
000000067|000003672012|
000000067|000004846016|
000000067|000003699016|
000000067|000004846015|
000000067|000003693007|
000000067|000004630009|
000000067|000002164016|
000000067|000004630016|
000000067|000004630010|
000000067|000003693010|
000000067|000003672014|
000000067|000004543009|
000000067|000003618017|
000000067|000003618009|
000000067|000003659014|
000000067|000003693005|
000000067|000003699014|
000000067|000003618014|
000000067|000003693006|
000000067|000004543006|
000000067|000003699003|
000000067|000003659006|
000000067|000003477002|
000000067|000003699004|
000000067|000003618004|
000000067|000003607016|
000000067|000006011005|
000000067|000003699009|
000000067|000005294003|
000000067|000004566010|
000000067|000004630011|
000000067|000004543012|
000000067|000003607007|
000000067|000004630014|
000000067|000005265002|
000000067|000004543007|
000000067|000005294002|
000000067|000003618003|
000000068|000003817005|
000000068|000005265003|
000000068|000003699005|
000000068|000004846019|
000000068|000003672012|
000000068|000006011003|
000000068|000003607007|
000000068|000004543005|
000000068|000002164015|
000000068|000004630016|
000000068|000003453002|
000000068|000003699014|
000000068|000003817013|
000000068|000003699004|
000000068|000003817008|
000000068|000002164009|
000000068|000004630003|
000000068|000003699011|
000000068|000003659008|
000000068|000004566018|
000000068|000003618008|
000000068|000006011005|
000000068|000003699002|
000000068|000005294002|
000000068|000003817004|
000000068|000003659012|
000000068|000005294003|
000000068|000004543006|
000000068|000004630014|
000000068|000004543012|
000000068|000004566006|
000000068|000003607016|
000000068|000004566010|
000000068|000003659002|
000000068|000003699003|
000000068|000003618004|
000000068|000003659006|
000000068|000003693006|
000000068|000003659014|
000000068|000004630011|
000000068|000003618017|
000000068|000003672014|
000000068|000003693010|
000000068|000003672013|
000000068|000003693005|
000000068|000003618014|
000000068|000004543009|
000000068|000005265002|
000000068|000002164027|
000000068|000004630006|
000000068|000004630013|
000000068|000003659016|
000000068|000004566011|
000000068|000002164020|
000000068|000003618003|
000000068|000003699009|
000000068|000003699016|
000000068|000003693014|
000000068|000004630010|
000000068|000003817006|
000000068|000003817002|
000000068|000003699007|
000000068|000003672016|
000000068|000003607013|
000000068|000003672009|
000000068|000004846015|
000000068|000003693009|
000000068|000003607014|
000000068|000002164021|
000000068|000003693007|
000000068|000004846008|
000000068|000002164016|
000000069|000003699005|
000000069|000003672012|
000000069|000003607007|
000000069|000003817004|
000000069|000004566006|
000000069|000003659002|
000000069|000003817013|
000000069|000004630006|
000000069|000004846015|
000000069|000003607014|
000000069|000002164033|
000000069|000003672009|
000000069|000004630003|
000000069|000003693014|
000000069|000003618003|
000000069|000002164027|
000000069|000002164020|
000000069|000003453002|
000000069|000003659012|
000000069|000004846019|
000000069|000004630014|
000000069|000004566018|
000000069|000003659006|
000000069|000002164021|
000000069|000005265003|
000000069|000004630016|
000000069|000004543005|
000000069|000003618004|
000000069|000003659008|
000000069|000003699004|
000000069|000003618008|
000000070|000003618004|
000000070|000004566010|
000000070|000004846015|
000000070|000003607016|
000000070|000003817006|
000000070|000003699003|
000000070|000003693007|
000000070|000005294003|
000000070|000003693006|
000000070|000003618009|
000000070|000003607013|
000000070|000004630011|
000000070|000003659006|
000000070|000003693010|
000000070|000003618017|
000000070|000003672014|
000000070|000003699014|
000000070|000003699004|
000000070|000002164009|
000000070|000004630016|
000000070|000003817005|
000000070|000002164019|
000000070|000002164015|
000000070|000004630013|
000000070|000004630006|
000000070|000003659016|
000000070|000005265002|
000000070|000003699016|
000000070|000003699009|
000000070|000004630010|
000000070|000003817002|
000000070|000005294002|
000000070|000003618008|
000000070|000003607014|
000000070|000003672016|
000000070|000004543006|
000000070|000004543012|
000000070|000004543009|
000000070|000003672013|
000000070|000004630014|
000000070|000003693009|
000000070|000004846008|
000000070|000003672012|
000000070|000002164016|
000000070|000003817008|
000000070|000004566011|
000000070|000003699005|
000000070|000003618002|
000000070|000006011003|
000000070|000003618003|
000000070|000002164017|
000000070|000004566018|
000000070|000006011005|
000000070|000003699007|
000000070|000003618014|
000000070|000003699002|
000000070|000003607007|
000000070|000003693005|
000000070|000003659014|
000000070|000003817004|
000000070|000004846016|
000000071|000003699002|
000000071|000004630006|
000000071|000003672016|
000000071|000003699016|
000000071|000005265002|
000000071|000003699011|
000000071|000002164018|
000000071|000004846008|
000000071|000002164021|
000000071|000003699009|
000000071|000003817004|
000000071|000003693005|
000000071|000004630010|
000000071|000003693014|
000000071|000002164009|
000000071|000003817002|
000000071|000003618003|
000000071|000004566006|
000000071|000002164020|
000000071|000004543005|
000000071|000003693009|
000000071|000003699004|
000000071|000003693006|
000000071|000002164013|
000000071|000003607014|
000000071|000003607007|
000000071|000003659006|
000000071|000002164015|
000000071|000003618014|
000000071|000003672014|
000000071|000003817005|
000000071|000003659014|
000000071|000004630013|
000000071|000003693010|
000000071|000003699007|
000000071|000003659016|
000000071|000003659012|
000000071|000003618008|
000000071|000004566011|
000000071|000003607013|
000000071|000004566010|
000000071|000004846019|
000000071|000004543012|
000000071|000005265003|
000000071|000003817008|
000000071|000003659002|
000000071|000003693007|
000000071|000002164027|
000000071|000002164016|
000000071|000003817006|
000000071|000004846014|
000000071|000004630014|
000000071|000004846015|
000000071|000003618017|
000000071|000003453002|
000000071|000004630011|
000000071|000003607016|
000000071|000003699005|
000000071|000003618004|
000000071|000003659008|
000000071|000003817013|
000000071|000006011005|
000000071|000004543006|
000000071|000004630003|
000000071|000005294003|
000000071|000003699014|
000000071|000006011003|
000000071|000003672012|
000000071|000005294002|
000000071|000003699003|
000000071|000004630016|
000000071|000003659013|
000000071|000004543009|
000000071|000004566018|
000000071|000003672009|
000000072|000004566004|
000000072|000003618008|
000000072|000002164020|
000000072|000003659006|
000000072|000005294003|
000000072|000004566010|
000000072|000004846015|
000000072|000003817008|
000000072|000005294002|
000000072|000006011005|
000000072|000003817013|
000000072|000003693006|
000000072|000003618004|
000000072|000003607014|
000000072|000003699007|
000000072|000003693007|
000000072|000002164027|
000000072|000004543012|
000000072|000003618017|
000000072|000004630011|
000000072|000002164016|
000000072|000002164009|
000000072|000003672012|
000000072|000004630010|
000000072|000004566018|
000000072|000003453002|
000000072|000003693010|
000000072|000003817004|
000000072|000003659002|
000000072|000005265003|
000000072|000004566006|
000000072|000004846019|
000000072|000004630014|
000000072|000002164004|
000000072|000003607013|
000000072|000004566011|
000000072|000002164015|
000000072|000004543006|
000000072|000003817002|
000000072|000003693014|
000000072|000004630013|
000000072|000004630003|
000000072|000004846008|
000000072|000003659008|
000000072|000004630016|
000000072|000003699014|
000000072|000003699004|
000000072|000003659016|
000000072|000003699016|
000000072|000003607007|
000000072|000004543005|
000000072|000003672016|
000000072|000002164021|
000000072|000003693009|
000000072|000003699005|
000000072|000003607016|
000000072|000003659012|
000000072|000003699003|
000000072|000006011003|
000000072|000003699009|
000000072|000003672009|
000000072|000003817005|
000000072|000004543009|
000000072|000003699002|
000000072|000003817006|
000000072|000003672014|
000000072|000005265002|
000000072|000003693005|
000000072|000003659014|
000000072|000003618014|
000000072|000002164013|
000000072|000003618003|
000000072|000003699011|
000000072|000004630006|
000000073|000003618002|
000000073|000003618017|
000000073|000003693006|
000000073|000003699004|
000000073|000003699014|
000000073|000004630011|
000000073|000003672014|
000000073|000004846008|
000000073|000004543012|
000000073|000006011005|
000000073|000004630016|
000000073|000003699009|
000000073|000004846015|
000000073|000002164019|
000000073|000003693009|
000000073|000003672016|
000000073|000005294002|
000000073|000004630006|
000000073|000004846016|
000000073|000003607016|
000000073|000003659014|
000000073|000003607007|
000000073|000005294003|
000000073|000003607014|
000000073|000003699016|
000000073|000006011003|
000000073|000003618009|
000000073|000003699003|
000000073|000005265002|
000000073|000003659016|
000000073|000002164015|
000000073|000004543006|
000000073|000003817006|
000000073|000004566011|
000000073|000003618003|
000000073|000002164013|
000000073|000004630013|
000000073|000004630014|
000000073|000003693005|
000000073|000003693007|
000000073|000003817002|
000000073|000003618004|
000000073|000003817004|
000000073|000003659006|
000000073|000003693010|
000000073|000004543009|
000000073|000002164017|
000000073|000003817005|
000000073|000003618014|
000000073|000004630010|
000000073|000003672012|
000000073|000002164009|
000000073|000003817008|
000000073|000003618008|
000000073|000003607013|
000000073|000004566010|
000000073|000002164016|
000000074|000003693009|
000000074|000004543009|
000000074|000003817005|
000000074|000004543006|
000000074|000003618003|
000000074|000003659012|
000000074|000003699014|
000000074|000004630013|
000000074|000002164009|
000000074|000004566010|
000000074|000004846015|
000000074|000003607007|
000000074|000004846008|
000000074|000002164027|
000000074|000003699016|
000000074|000003817013|
000000074|000006011005|
000000074|000003693014|
000000074|000002164020|
000000074|000003659008|
000000074|000003659016|
000000074|000003618004|
000000074|000003693006|
000000074|000003453002|
000000074|000003817002|
000000074|000003699004|
000000074|000003817004|
000000074|000004630011|
000000074|000002164021|
000000074|000005294003|
000000074|000003672012|
000000074|000003672014|
000000074|000004566006|
000000074|000004846019|
000000074|000004543012|
000000074|000004630010|
000000074|000003618017|
000000074|000004630014|
000000074|000003699009|
000000074|000003618014|
000000074|000005265003|
000000074|000003659002|
000000074|000003817008|
000000074|000004630006|
000000074|000005294002|
000000074|000003607013|
000000074|000004630016|
000000074|000003672009|
000000074|000002164016|
000000074|000003699011|
000000074|000003672016|
000000074|000004543005|
000000074|000004630003|
000000074|000003659014|
000000074|000003607016|
000000074|000003607014|
000000074|000005265002|
000000074|000003693007|
000000074|000003693005|
000000074|000003817006|
000000074|000002164015|
000000074|000006011003|
000000074|000003699003|
000000074|000004566011|
000000074|000003659006|
000000074|000002164014|
000000074|000003693010|
000000075|000003618008|
000000075|000003699009|
000000075|000003817005|
000000075|000003817006|
000000075|000003817004|
000000075|000003618004|
000000075|000004630006|
000000075|000003607014|
000000075|000005265002|
000000075|000006011003|
000000075|000006011005|
000000075|000003659006|
000000075|000002164015|
000000075|000005294002|
000000075|000004630011|
000000075|000004846016|
000000075|000003693009|
000000075|000003672012|
000000075|000003693006|
000000075|000002164014|
000000075|000003817002|
000000075|000004566010|
000000075|000002164009|
000000075|000003607013|
000000075|000004630016|
000000075|000003618014|
000000075|000003618002|
000000075|000003699004|
000000075|000004846008|
000000075|000003693007|
000000075|000002164017|
000000075|000004566011|
000000075|000003659016|
000000075|000003672016|
000000075|000002164019|
000000075|000003693010|
000000075|000003699016|
000000075|000004630010|
000000075|000003618003|
000000075|000003817008|
000000075|000003607016|
000000075|000005294003|
000000075|000003693005|
000000075|000003699014|
000000075|000004543012|
000000075|000003699003|
000000075|000003618017|
000000075|000002164016|
000000075|000004630014|
000000075|000003672014|
000000075|000003618009|
000000075|000004543009|
000000075|000003659014|
000000075|000004543006|
000000075|000003607007|
000000075|000004846015|
000000075|000004630013|
000000076|000004543012|
000000076|000004543009|
000000076|000003817008|
000000076|000002164021|
000000076|000005253003|
000000076|000002164027|
000000076|000003607013|
000000076|000005294003|
000000076|000002164007|
000000076|000003817005|
000000076|000005265003|
000000076|000003618008|
000000076|000004846019|
000000076|000004566006|
000000076|000002164009|
000000076|000004543004|
000000076|000003618017|
000000076|000003672012|
000000076|000004630014|
000000076|000003693007|
000000076|000002164005|
000000076|000003699009|
000000076|000003672014|
000000076|000003699002|
000000076|000003659014|
000000076|000003618014|
000000076|000003672009|
000000076|000003817004|
000000076|000005294002|
000000076|000004566011|
000000076|000004846015|
000000076|000002164016|
000000076|000003607004|
000000076|000003693010|
000000076|000004543008|
000000076|000003699011|
000000076|000004630010|
000000076|000003659002|
000000076|000004630006|
000000076|000003817006|
000000076|000004630016|
000000076|000003659012|
000000076|000003618003|
000000076|000004846008|
000000076|000003699007|
000000076|000003607014|
000000076|000003817013|
000000076|000003699016|
000000076|000005265002|
000000076|000006011005|
000000076|000003672016|
000000076|000003659016|
000000076|000003693006|
000000076|000003693009|
000000076|000003699004|
000000076|000003607007|
000000076|000003817002|
000000076|000003453002|
000000076|000002164015|
000000076|000003659008|
000000076|000004566010|
000000076|000004543015|
000000076|000004630013|
000000076|000003693014|
000000076|000004543006|
000000076|000003659006|
000000076|000004566018|
000000076|000003699005|
000000076|000003699014|
000000076|000006011003|
000000076|000003699003|
000000076|000003618004|
000000076|000004543005|
000000076|000004630003|
000000076|000004630011|
000000076|000003693005|
000000076|000002164020|
000000076|000003607016|
000000077|000004543005|
000000077|000003693010|
000000077|000003659002|
000000077|000002164027|
000000077|000003607007|
000000077|000003618004|
000000077|000002164009|
000000077|000004846008|
000000077|000002164021|
000000077|000004566018|
000000077|000004846019|
000000077|000006011005|
000000077|000003693009|
000000077|000003672014|
000000077|000004543012|
000000077|000004630013|
000000077|000003693005|
000000077|000005265003|
000000077|000004630003|
000000077|000004630014|
000000077|000003659014|
000000077|000003699014|
000000077|000004566011|
000000077|000003618017|
000000077|000005265002|
000000077|000003693006|
000000077|000003817013|
000000077|000003618014|
000000077|000005294003|
000000077|000003659006|
000000077|000005294002|
000000077|000003607016|
000000077|000003699007|
000000077|000004566010|
000000077|000003693014|
000000077|000002164016|
000000077|000003817005|
000000077|000003659008|
000000077|000004630016|
000000077|000003699011|
000000077|000003659016|
000000077|000003699016|
000000077|000003618008|
000000077|000002164015|
000000077|000003607013|
000000077|000003672012|
000000077|000003699005|
000000077|000003672016|
000000077|000004846015|
000000077|000002164020|
000000077|000004566006|
000000077|000004543006|
000000077|000006011003|
000000077|000003618003|
000000077|000003817004|
000000077|000004630006|
000000077|000003699009|
000000077|000003699003|
000000077|000004630010|
000000077|000003607014|
000000077|000003453002|
000000077|000003699002|
000000077|000004630011|
000000077|000003693007|
000000077|000003817002|
000000077|000004543009|
000000077|000003817008|
000000077|000003659012|
000000077|000003672009|
000000077|000003817006|
000000078|000004630010|
000000078|000003618003|
000000078|000006011005|
000000078|000003699009|
000000078|000003672016|
000000078|000003607007|
000000078|000003699003|
000000078|000006011003|
000000078|000003693007|
000000078|000003618014|
000000078|000005294003|
000000078|000004543006|
000000078|000004566010|
000000078|000003693010|
000000078|000004543009|
000000078|000003659014|
000000078|000002164016|
000000078|000003618017|
000000078|000002164009|
000000078|000003817004|
000000078|000003618004|
000000078|000003659006|
000000078|000004846008|
000000078|000004630013|
000000078|000002164017|
000000078|000004846015|
000000078|000003693005|
000000078|000004630016|
000000078|000003817008|
000000078|000002164015|
000000078|000005294002|
000000078|000003699014|
000000078|000003659016|
000000078|000003817002|
000000078|000004630014|
000000078|000004630011|
000000078|000003699016|
000000078|000003618009|
000000078|000004566011|
000000078|000003618008|
000000078|000004846016|
000000078|000005265002|
000000078|000003607013|
000000078|000002164019|
000000078|000003607014|
000000078|000003672012|
000000078|000003618002|
000000078|000003693009|
000000078|000004543012|
000000078|000003817006|
000000078|000003817005|
000000078|000004630006|
000000078|000003693006|
000000078|000003607016|
000000078|000003672014|
000000079|000003693007|
000000079|000003699009|
000000079|000003618017|
000000079|000004630006|
000000079|000003817004|
000000079|000003699004|
000000079|000003618003|
000000079|000003607014|
000000079|000003693010|
000000079|000002164005|
000000079|000003693009|
000000079|000003672012|
000000079|000003659002|
000000079|000004566011|
000000079|000003618014|
000000079|000003817013|
000000079|000004630010|
000000079|000003693006|
000000079|000004846008|
000000079|000004630003|
000000079|000004543005|
000000079|000004846015|
000000079|000005265003|
000000079|000004846019|
000000079|000006011003|
000000079|000005294002|
000000079|000002164016|
000000079|000003672014|
000000079|000002164020|
000000079|000003817005|
000000079|000003817002|
000000079|000003693014|
000000079|000004543006|
000000079|000002164007|
000000079|000003672009|
000000079|000004630013|
000000079|000004630011|
000000079|000003659006|
000000079|000003453002|
000000079|000003817008|
000000079|000005294003|
000000079|000003659014|
000000079|000004630014|
000000079|000005253003|
000000079|000003699011|
000000079|000003699003|
000000079|000004566006|
000000079|000003618008|
000000079|000004543009|
000000079|000002164009|
000000079|000003817006|
000000079|000002164027|
000000079|000004543012|
000000079|000002164015|
000000079|000003607016|
000000079|000002164021|
000000079|000003659016|
000000079|000003607013|
000000079|000003672016|
000000079|000003607007|
000000079|000004630016|
000000079|000003693005|
000000079|000006011005|
000000079|000004566010|
000000079|000003699016|
000000079|000003659012|
000000079|000005265002|
000000079|000003659008|
000000079|000003618004|
000000079|000003699014|
000000080|000005294003|
000000080|000003659012|
000000080|000003693014|
000000080|000002164009|
000000080|000006011003|
000000080|000003607007|
000000080|000003699016|
000000080|000004630014|
000000080|000003659008|
000000080|000005294002|
000000080|000004846008|
000000080|000002164016|
000000080|000003699014|
000000080|000003693005|
000000080|000003693009|
000000080|000003618014|
000000080|000003659002|
000000080|000003672012|
000000080|000003618003|
000000080|000003699011|
000000080|000003607013|
000000080|000002164027|
000000080|000003453002|
000000080|000003618017|
000000080|000003607016|
000000080|000003672009|
000000080|000003817008|
000000080|000004566006|
000000080|000003699009|
000000080|000004543006|
000000080|000002164015|
000000080|000003659006|
000000080|000004630013|
000000080|000002164020|
000000080|000003659016|
000000080|000003817005|
000000080|000004630010|
000000080|000003693006|
000000080|000004543005|
000000080|000004543012|
000000080|000004630011|
000000080|000003699004|
000000080|000003659014|
000000080|000003817006|
000000080|000004566010|
000000080|000004543009|
000000080|000003817013|
000000080|000003693007|
000000080|000004846019|
000000080|000003817004|
000000080|000004630006|
000000080|000005265002|
000000080|000004630003|
000000080|000003672016|
000000080|000003672014|
000000080|000002164021|
000000080|000005265003|
000000080|000004846015|
000000080|000006011005|
000000080|000003607014|
000000080|000004566011|
000000080|000004630016|
000000080|000003699003|
000000080|000003817002|
000000080|000003618004|
000000080|000003693010|
000000081|000003699004|
000000081|000002164015|
000000081|000003817005|
000000081|000004566010|
000000081|000003699003|
000000081|000003693005|
000000081|000003693009|
000000081|000004630010|
000000081|000004566011|
000000081|000003618009|
000000081|000003607007|
000000081|000006011005|
000000081|000003699016|
000000081|000002164016|
000000081|000004543006|
000000081|000003618008|
000000081|000004630014|
000000081|000003618004|
000000081|000004543012|
000000081|000004846016|
000000081|000003672014|
000000081|000003659016|
000000081|000003693006|
000000081|000003817006|
000000081|000004846008|
000000081|000005294002|
000000081|000003659014|
000000081|000002164019|
000000081|000003618014|
000000081|000004543009|
000000081|000005265002|
000000081|000004630016|
000000081|000004630013|
000000081|000004630011|
000000081|000003817008|
000000081|000005294003|
000000081|000003693010|
000000081|000003699014|
000000081|000003607016|
000000081|000003659006|
000000081|000006011003|
000000081|000003817002|
000000081|000003699009|
000000081|000003672012|
000000081|000002164009|
000000081|000004846015|
000000081|000003607014|
000000081|000004630006|
000000081|000003607013|
000000081|000003618002|
000000081|000003618003|
000000081|000002164017|
000000081|000003693007|
000000081|000003672016|
000000081|000003618017|
000000081|000003817004|
000000082|000005265003|
000000082|000003607015|
000000082|000003699015|
000000082|000004630014|
000000082|000005986003|
000000082|000003693007|
000000082|000004846007|
000000082|000004543005|
000000082|000003817016|
000000082|000003693005|
000000082|000003817002|
000000082|000003659008|
000000082|000003817007|
000000082|000003817013|
000000082|000003607014|
000000082|000003817003|
000000082|000005265002|
000000082|000002164033|
000000082|000004630012|
000000082|000004630003|
000000082|000003699007|
000000082|000003659002|
000000082|000003817009|
000000082|000002164027|
000000082|000004846015|
000000082|000005294002|
000000082|000005986002|
000000082|000003618004|
000000082|000003699008|
000000082|000003672009|
000000082|000003699011|
000000082|000003817012|
000000082|000004566006|
000000082|000003659006|
000000082|000003618003|
000000082|000003699002|
000000082|000004566009|
000000082|000004630016|
000000082|000003693014|
000000082|000003672008|
000000082|000003693013|
000000082|000003618008|
000000082|000003618007|
000000082|000003453002|
000000082|000004846019|
000000082|000003699005|
000000082|000003607007|
000000082|000003693006|
000000082|000002164020|
000000082|000005986004|
000000082|000002164021|
000000082|000003659015|
000000082|000004566018|
000000082|000002164034|
000000082|000003672012|
000000082|000004543010|
000000082|000003659012|
000000082|000003817004|
000000082|000003699003|
000000082|000004630006|
000000082|000005294003|
000000083|000003618007|
000000083|000003659015|
000000083|000003607015|
000000083|000003607014|
000000083|000003659006|
000000083|000002164019|
000000083|000004630016|
000000083|000003693005|
000000083|000004846007|
000000083|000003618004|
000000083|000004543010|
000000083|000003817004|
000000083|000003618003|
000000083|000003699004|
000000083|000004566009|
000000083|000003618002|
000000083|000004630014|
000000083|000003672008|
000000083|000003817007|
000000083|000002164017|
000000083|000004630012|
000000083|000003618008|
000000083|000003817009|
000000083|000004846016|
000000083|000004630006|
000000083|000003699015|
000000083|000003693013|
000000083|000004846015|
000000083|000003607007|
000000083|000003618009|
000000084|000003693007|
000000084|000003607015|
000000084|000003672008|
000000084|000003699005|
000000084|000004543005|
000000084|000003693014|
000000084|000003699002|
000000084|000003699008|
000000084|000003817004|
000000084|000003659002|
000000084|000002164027|
000000084|000002164034|
000000084|000004630003|
000000084|000003659006|
000000084|000003699015|
000000084|000003618003|
000000084|000003659015|
000000084|000003607007|
000000084|000003618008|
000000084|000003607014|
000000084|000005294003|
000000084|000003659012|
000000084|000003699011|
000000084|000003453002|
000000084|000005265003|
000000084|000004543010|
000000084|000002164033|
000000084|000003699003|
000000084|000004566006|
000000084|000004566009|
000000084|000003618007|
000000084|000005986002|
000000084|000005986003|
000000084|000003693013|
000000084|000003817016|
000000084|000003618004|
000000084|000004630014|
000000084|000002164021|
000000084|000003672009|
000000084|000003693006|
000000084|000003817007|
000000084|000004630006|
000000084|000003699007|
000000084|000004630012|
000000084|000005294002|
000000084|000005265002|
000000084|000003817012|
000000084|000004566018|
000000084|000003817013|
000000084|000003693005|
000000084|000002164031|
000000084|000002164020|
000000084|000003817009|
000000084|000003817003|
000000084|000004630016|
000000084|000005986004|
000000084|000003672012|
000000084|000003659008|
000000084|000003817002|
000000085|000004566009|
000000085|000003699011|
000000085|000003607014|
000000085|000003659002|
000000085|000003817002|
000000085|000004543005|
000000085|000004630014|
000000085|000003672008|
000000085|000003817009|
000000085|000003817016|
000000085|000003693013|
000000085|000003699015|
000000085|000004566018|
000000085|000002164035|
000000085|000002164021|
000000085|000003659004|
000000085|000003817017|
000000085|000003817007|
000000085|000005294002|
000000085|000004566006|
000000085|000003699007|
000000085|000003817012|
000000085|000002164033|
000000085|000003699008|
000000085|000003659015|
000000085|000002164027|
000000085|000005265002|
000000085|000005294003|
000000085|000003693014|
000000085|000004630003|
000000085|000003817013|
000000085|000003693005|
000000085|000003618004|
000000085|000002164020|
000000085|000003659008|
000000085|000003672009|
000000085|000003672012|
000000085|000004630012|
000000085|000004630006|
000000085|000005986003|
000000085|000003693007|
000000085|000003607007|
000000085|000005986004|
000000085|000003817003|
000000085|000003659006|
000000085|000004543010|
000000085|000003699002|
000000085|000003453002|
000000085|000005265003|
000000085|000004630016|
000000085|000003618003|
000000085|000003693006|
000000085|000003699005|
000000085|000003817004|
000000085|000003607015|
000000085|000003699003|
000000085|000003618008|
000000085|000002164034|
000000085|000003699004|
000000085|000005986002|
000000085|000003618007|
000000085|000003659012|
000000086|000003672008|
000000086|000005986003|
000000086|000005986002|
000000086|000003699003|
000000086|000003699011|
000000086|000004543010|
000000086|000004846019|
000000086|000003453002|
000000086|000003618008|
000000086|000003659002|
000000086|000003817002|
000000086|000005265002|
000000086|000003618004|
000000086|000003817003|
000000086|000003672012|
000000086|000003817009|
000000086|000004846007|
000000086|000003699007|
000000086|000005294003|
000000086|000003693014|
000000086|000002164005|
000000086|000005294002|
000000086|000003699004|
000000086|000003699015|
000000086|000004630003|
000000086|000003699002|
000000086|000003817012|
000000086|000002164021|
000000086|000004846015|
000000086|000003607014|
000000086|000004630006|
000000086|000003607007|
000000086|000003618003|
000000086|000003659008|
000000086|000004566009|
000000086|000003693007|
000000086|000004630016|
000000086|000004566006|
000000086|000002164007|
000000086|000003672009|
000000086|000004543005|
000000086|000005986004|
000000086|000003607015|
000000086|000003817013|
000000086|000002164006|
000000086|000004630014|
000000086|000002164027|
000000086|000003693006|
000000086|000004630012|
000000086|000003693013|
000000086|000005253002|
000000086|000003659015|
000000086|000003817016|
000000086|000003699005|
000000086|000003618007|
000000086|000003817004|
000000086|000003693005|
000000086|000003817007|
000000086|000005265003|
000000086|000003699008|
000000086|000003659012|
000000086|000002164020|
000000086|000004566018|
000000086|000005253003|
000000086|000003659006|
000000087|000003659014|
000000087|000003693005|
000000087|000003618014|
000000087|000003693010|
000000087|000002164027|
000000087|000003693014|
000000087|000002164009|
000000087|000003618003|
000000087|000003699011|
000000087|000003817002|
000000087|000004630010|
000000087|000003672014|
000000087|000003699009|
000000087|000004543005|
000000087|000003659012|
000000087|000004566006|
000000087|000005294002|
000000087|000004543009|
000000087|000004630016|
000000087|000003659016|
000000087|000003607013|
000000087|000004846019|
000000087|000003659008|
000000087|000003817006|
000000087|000004630011|
000000087|000006011003|
000000087|000002164016|
000000087|000002164020|
000000087|000003817004|
000000087|000003699003|
000000087|000004630013|
000000087|000005294003|
000000087|000004846015|
000000087|000005265002|
000000087|000002164015|
000000087|000003618008|
000000087|000004566011|
000000087|000003817013|
000000087|000003817008|
000000087|000004630014|
000000087|000003607014|
000000087|000003699016|
000000087|000003817005|
000000087|000004566010|
000000087|000003453002|
000000087|000004543006|
000000087|000003618017|
000000087|000003693009|
000000087|000003672012|
000000087|000004630006|
000000087|000004543012|
000000087|000002164021|
000000087|000003699014|
000000087|000003659006|
000000087|000006011005|
000000087|000003618004|
000000087|000003659002|
000000087|000004846008|
000000087|000003672009|
000000087|000005265003|
000000087|000003607007|
000000087|000003672016|
000000087|000003607016|
000000087|000004630003|
000000088|000003607014|
000000088|000002164021|
000000088|000002164020|
000000088|000003607007|
000000088|000002164027|
000000089|000003607014|
000000089|000003607013|
000000089|000002164016|
000000089|000003607016|
000000089|000002164021|
000000089|000003607007|
000000089|000002164009|
000000089|000002164015|
000000089|000002164020|
000000089|000002164027|
000000090|000002164015|
000000090|000003607014|
000000090|000003607007|
000000090|000002164009|
000000090|000002164020|
000000090|000003607013|
000000090|000002164016|
000000090|000003607016|
000000090|000002164027|
000000090|000002164021|
000000091|000003607007|
000000091|000003693005|
000000091|000004630006|
000000091|000005265003|
000000091|000003672012|
000000091|000003672008|
000000091|000004630014|
000000091|000003618003|
000000091|000003672009|
000000091|000004566006|
000000091|000003817007|
000000091|000002164030|
000000091|000004846019|
000000091|000003699002|
000000091|000003659015|
000000091|000003699011|
000000091|000003618004|
000000091|000003453002|
000000091|000004630003|
000000091|000002164027|
000000091|000003699004|
000000091|000003699015|
000000091|000004846015|
000000091|000003699008|
000000091|000003693013|
000000091|000002164020|
000000091|000004630016|
000000091|000004543005|
000000091|000003699005|
000000091|000003817013|
000000091|000003693014|
000000091|000004846007|
000000091|000003607014|
000000091|000002164021|
000000091|000003659012|
000000091|000003699007|
000000091|000004543010|
000000091|000003618007|
000000091|000003659006|
000000091|000003618008|
000000091|000003817009|
000000091|000004630012|
000000091|000003659008|
000000091|000003607015|
000000091|000003817004|
000000091|000003659002|
000000091|000004566009|
000000092|000005294003|
000000092|000003699004|
000000092|000003672008|
000000092|000003607015|
000000092|000004630014|
000000092|000003618003|
000000092|000003699003|
000000092|000003699007|
000000092|000002164034|
000000092|000003699015|
000000092|000002164021|
000000092|000004630006|
000000092|000003817012|
000000092|000003659012|
000000092|000003607007|
000000092|000003693014|
000000092|000004630003|
000000092|000003817009|
000000092|000003618004|
000000092|000003817002|
000000092|000003453002|
000000092|000003659015|
000000092|000003618008|
000000092|000003699011|
000000092|000005265003|
000000092|000003817007|
000000092|000004543005|
000000092|000002164027|
000000092|000003672012|
000000092|000004543010|
000000092|000003817003|
000000092|000004630012|
000000092|000003817004|
000000092|000003699008|
000000092|000005986004|
000000092|000003672009|
000000092|000003659006|
000000092|000002164033|
000000092|000004630016|
000000092|000003699005|
000000092|000002164020|
000000092|000003693007|
000000092|000005265002|
000000092|000005294002|
000000092|000003817016|
000000092|000003693006|
000000092|000003659008|
000000092|000003693005|
000000092|000003817013|
000000092|000003618007|
000000092|000003607014|
000000092|000003699002|
000000092|000005986002|
000000092|000003693013|
000000092|000003659002|
000000092|000005986003|
000000093|000002164018|
000000093|000003817003|
000000093|000005294002|
000000093|000005265003|
000000093|000005265002|
000000093|000004846015|
000000093|000003699008|
000000093|000003693014|
000000093|000003672012|
000000093|000004630012|
000000093|000003699004|
000000093|000004630003|
000000093|000002164027|
000000093|000003817012|
000000093|000004630014|
000000093|000004846007|
000000093|000003817007|
000000093|000003672008|
000000093|000003817009|
000000093|000003659015|
000000093|000005986002|
000000093|000003699011|
000000093|000003453002|
000000093|000003659012|
000000093|000003659008|
000000093|000003659002|
000000093|000004846014|
000000093|000003699005|
000000093|000003817016|
000000093|000003693007|
000000093|000005986004|
000000093|000003693013|
000000093|000004630016|
000000093|000002164020|
000000093|000003607015|
000000093|000004543016|
000000093|000003659006|
000000093|000004543002|
000000093|000003699002|
000000093|000005986003|
000000093|000003817013|
000000093|000002164031|
000000093|000003699015|
000000093|000003672009|
000000093|000004846019|
000000093|000002164021|
000000093|000005294003|
000000093|000003817004|
000000093|000003693006|
000000093|000003699003|
000000093|000003618004|
000000093|000004543010|
000000093|000003699007|
000000093|000004630006|
000000093|000004543005|
000000093|000003607007|
000000093|000003618003|
000000093|000003817002|
000000093|000003607014|
000000093|000003618007|
000000093|000003659013|
000000093|000003693005|
000000094|000005986003|
000000094|000003693007|
000000094|000005986004|
000000094|000003817003|
000000094|000005986002|
000000094|000003699007|
000000094|000003672004|
000000094|000002164035|
000000094|000003699003|
000000094|000003618008|
000000094|000003817012|
000000094|000005294003|
000000094|000002164010|
000000094|000003699005|
000000094|000003817004|
000000094|000003699002|
000000094|000003817016|
000000094|000005265002|
000000094|000003672006|
000000094|000004846015|
000000094|000003817002|
000000094|000002164012|
000000094|000003618004|
000000094|000003693006|
000000094|000005294002|
000000094|000004566018|
000000094|000003699004|
000000095|000003693006|
000000095|000003699002|
000000095|000003817003|
000000095|000005265002|
000000095|000005986003|
000000095|000003817002|
000000095|000003693007|
000000095|000003672004|
000000095|000002164012|
000000095|000005986004|
000000095|000003618004|
000000095|000005294003|
000000095|000003699004|
000000095|000003618008|
000000095|000005294002|
000000095|000005986002|
000000095|000004846015|
000000095|000004566018|
000000095|000002164035|
000000095|000003672006|
000000095|000002164010|
000000095|000003817016|
000000095|000003699007|
000000095|000003817004|
000000095|000003699005|
000000095|000003817012|
000000095|000003699003|
000000096|000003618004|
000000096|000003817012|
000000096|000005986004|
000000096|000002164012|
000000096|000003618008|
000000096|000003817004|
000000096|000003699004|
000000096|000005294002|
000000096|000003693006|
000000096|000003699003|
000000096|000005265002|
000000096|000003817002|
000000096|000002164010|
000000096|000003672006|
000000096|000003817003|
000000096|000005294003|
000000096|000003693007|
000000096|000004846015|
000000096|000003672004|
000000096|000003699005|
000000096|000005986002|
000000096|000005986003|
000000097|000003672006|
000000097|000003699003|
000000097|000003817016|
000000097|000003672004|
000000097|000002164012|
000000097|000003618004|
000000097|000003699007|
000000097|000003817012|
000000097|000003817002|
000000097|000005986003|
000000097|000003693007|
000000097|000003699005|
000000097|000003693006|
000000097|000005986002|
000000097|000002164035|
000000097|000005294002|
000000097|000002164030|
000000097|000003699004|
000000097|000002164010|
000000097|000005265002|
000000097|000004846015|
000000097|000005986004|
000000097|000003618008|
000000097|000005294003|
000000097|000003817004|
000000097|000003699002|
000000097|000003817003|
000000098|000003618007|
000000098|000003659012|
000000098|000005294002|
000000098|000003693005|
000000098|000003659006|
000000098|000003699007|
000000098|000003817004|
000000098|000005986002|
000000098|000003453002|
000000098|000003607014|
000000098|000003699011|
000000098|000004543010|
000000098|000004630014|
000000098|000004630016|
000000098|000003699003|
000000098|000002164021|
000000098|000005294003|
000000098|000003659015|
000000098|000002164004|
000000098|000005986004|
000000098|000003693007|
000000098|000004543005|
000000098|000002164027|
000000098|000003699002|
000000098|000003672009|
000000098|000003699008|
000000098|000003817013|
000000098|000003672008|
000000098|000003693014|
000000098|000005986003|
000000098|000003693006|
000000098|000003699005|
000000098|000003607007|
000000098|000004566009|
000000098|000003693013|
000000098|000004846007|
000000098|000004630003|
000000098|000005265003|
000000098|000003817012|
000000098|000003618004|
000000098|000003817009|
000000098|000003699015|
000000098|000003659008|
000000098|000003618003|
000000098|000004630012|
000000098|000003817007|
000000098|000003817002|
000000098|000003607015|
000000098|000003618008|
000000098|000004566004|
000000098|000003672012|
000000098|000004846019|
000000098|000004566006|
000000098|000003699004|
000000098|000002164020|
000000098|000003659002|
000000098|000003817003|
000000098|000004846015|
000000098|000003817016|
000000098|000004630006|
000000098|000005265002|
000000099|000003659015|
000000099|000002164021|
000000099|000003618007|
000000099|000003817004|
000000099|000003693005|
000000099|000003607014|
000000099|000003699003|
000000099|000003659002|
000000099|000003672008|
000000099|000005265003|
000000099|000004846007|
000000099|000003659012|
000000099|000003699015|
000000099|000002164020|
000000099|000005986003|
000000099|000004846015|
000000099|000005294003|
000000099|000003672009|
000000099|000003817009|
000000099|000005986002|
000000099|000003607007|
000000099|000003672012|
000000099|000005294002|
000000099|000004846019|
000000099|000002164027|
000000099|000003817002|
000000099|000003693014|
000000099|000003817013|
000000099|000003699011|
000000099|000004630003|
000000099|000004566006|
000000099|000003817003|
000000099|000004630016|
000000099|000005986004|
000000099|000004566009|
000000099|000005265002|
000000099|000003693013|
000000099|000003699004|
000000099|000003817012|
000000099|000003607015|
000000099|000003659008|
000000099|000003618003|
000000099|000003699008|
000000099|000003618004|
000000099|000004543010|
000000099|000002164004|
000000099|000004630006|
000000099|000004543005|
000000099|000003817007|
000000099|000004566004|
000000099|000004630014|
000000099|000004630012|
000000099|000003659006|
000000099|000003453002|
000000102|000003659015|
000000102|000003817016|
000000102|000003699004|
000000102|000002164027|
000000102|000003817012|
000000102|000004630006|
000000102|000003693007|
000000102|000003453002|
000000102|000003618007|
000000102|000003699011|
000000102|000003618003|
000000102|000003699005|
000000102|000003699008|
000000102|000003659002|
000000102|000003817002|
000000102|000003659013|
000000102|000003693014|
000000102|000005986004|
000000102|000003817013|
000000102|000003672009|
000000102|000003607014|
000000102|000004543005|
000000102|000004543002|
000000102|000003817009|
000000102|000003699003|
000000102|000003659012|
000000102|000005986002|
000000102|000003672012|
000000102|000003659008|
000000102|000005986003|
000000102|000004630014|
000000102|000003699007|
000000102|000002164031|
000000102|000003693005|
000000102|000004543010|
000000102|000003699002|
000000102|000005265002|
000000102|000004630016|
000000102|000003607015|
000000102|000003607007|
000000102|000002164020|
000000102|000003693013|
000000102|000003699015|
000000102|000004630012|
000000102|000005294002|
000000102|000003659006|
000000102|000003618004|
000000102|000003618008|
000000102|000002164018|
000000102|000005265003|
000000102|000004630003|
000000102|000003693006|
000000102|000004543016|
000000102|000003817007|
000000102|000002164021|
000000102|000004566009|
000000102|000003672008|
000000102|000003817003|
000000102|000003817004|
000000102|000004566006|
000000102|000004566018|
000000102|000005294003|
000000103|000003817007|
000000103|000003618004|
000000103|000005986004|
000000103|000002164007|
000000103|000003672009|
000000103|000005253002|
000000103|000003659013|
000000103|000003453002|
000000103|000003607007|
000000103|000004846015|
000000103|000003817009|
000000103|000003817012|
000000103|000003817002|
000000103|000003699011|
000000103|000003693007|
000000103|000005294002|
000000103|000003699008|
000000103|000003693006|
000000103|000003817013|
000000103|000003693014|
000000103|000004543005|
000000103|000004630012|
000000103|000003659006|
000000103|000005986002|
000000103|000005294003|
000000103|000002164021|
000000103|000003817003|
000000103|000003659008|
000000103|000005265003|
000000103|000004630016|
000000103|000004846007|
000000103|000004543002|
000000103|000002164008|
000000103|000002164027|
000000103|000005265002|
000000103|000003618007|
000000103|000005253003|
000000103|000002164020|
000000103|000004543010|
000000103|000005986003|
000000103|000004630006|
000000103|000003693005|
000000103|000003659012|
000000103|000004566009|
000000103|000003618003|
000000103|000003699015|
000000103|000004566006|
000000103|000003672012|
000000103|000002164005|
000000103|000004846019|
000000103|000004566018|
000000103|000003699003|
000000103|000004543016|
000000103|000003672008|
000000103|000004846014|
000000103|000004630014|
000000103|000002164018|
000000103|000003607015|
000000103|000003607014|
000000103|000003659002|
000000103|000004630003|
000000103|000003659015|
000000103|000003693013|
000000104|000003618008|
000000104|000003659015|
000000104|000004630006|
000000104|000005986003|
000000104|000003817007|
000000104|000003618009|
000000104|000003693013|
000000104|000003817003|
000000104|000003693006|
000000104|000002164019|
000000104|000003659006|
000000104|000003607014|
000000104|000003817002|
000000104|000005265002|
000000104|000003607007|
000000104|000003699003|
000000104|000003817009|
000000104|000003817004|
000000104|000005986004|
000000104|000004630016|
000000104|000005294003|
000000104|000004566009|
000000104|000003607015|
000000104|000003693007|
000000104|000005986002|
000000104|000002164017|
000000104|000005294002|
000000104|000004630014|
000000104|000004566018|
000000104|000004543010|
000000104|000004630012|
000000104|000003618007|
000000104|000003659004|
000000104|000003693005|
000000104|000003817017|
000000104|000003618002|
000000104|000003699015|
000000104|000003618004|
000000104|000003618003|
000000104|000002164035|
000000104|000003699007|
000000104|000003699004|
000000104|000003817016|
000000104|000003699005|
000000104|000003672008|
000000104|000003817012|
000000104|000003699002|
000000105|000003817009|
000000105|000003817007|
000000105|000004566013|
000000105|000003659006|
000000105|000003659015|
000000105|000003191003|
000000105|000003672008|
000000105|000003817004|
000000105|000003607015|
000000105|000004630014|
000000105|000004630006|
000000105|000003618002|
000000105|000005265002|
000000105|000003817012|
000000105|000004630012|
000000105|000005986004|
000000105|000003693006|
000000105|000005986002|
000000105|000003618003|
000000105|000002164017|
000000105|000003618008|
000000105|000003191002|
000000105|000003699004|
000000105|000003699007|
000000105|000003618007|
000000105|000004543010|
000000105|000003693007|
000000105|000003618004|
000000105|000003699015|
000000105|000003699002|
000000105|000003618009|
000000105|000005294002|
000000105|000003190002|
000000105|000003699005|
000000105|000004566015|
000000105|000003693013|
000000105|000003817016|
000000105|000003607014|
000000105|000003817003|
000000105|000003607007|
000000105|000004566009|
000000105|000003817002|
000000105|000003693005|
000000105|000004630016|
000000105|000003699003|
000000105|000004566018|
000000105|000005294003|
000000105|000002164019|
000000105|000004566005|
000000105|000005986003|
000000106|000005986002|
000000106|000003607007|
000000106|000003618009|
000000106|000002164017|
000000106|000004566013|
000000106|000003618002|
000000106|000003191002|
000000106|000003817002|
000000106|000005986004|
000000106|000003693007|
000000106|000003190002|
000000106|000003618004|
000000106|000003191003|
000000106|000003618008|
000000106|000003618003|
000000106|000005265002|
000000106|000003693006|
000000106|000005986003|
000000106|000002164019|
000000106|000003699003|
000000106|000004630016|
000000106|000003817003|
000000106|000003607014|
000000106|000003699005|
000000106|000004630014|
000000106|000005294002|
000000106|000004566005|
000000106|000005294003|
000000106|000003817012|
000000106|000004566015|
000000106|000003693005|
000000106|000003659006|
000000106|000003817004|
000000106|000004630006|
000000107|000002164017|
000000107|000002164010|
000000107|000003618004|
000000107|000003659004|
000000107|000003618008|
000000107|000002164019|
000000107|000002164029|
000000107|000003672006|
000000107|000003618006|
000000108|000004566013|
000000108|000004566007|
000000108|000004566005|
000000108|000003190002|
000000108|000004566015|
000000108|000003618008|
000000108|000003191002|
000000108|000002164019|
000000108|000002164017|
000000108|000003672006|
000000108|000003191003|
000000108|000003699005|
000000108|000003618004|
000000108|000004566014|
000000108|000002164010|
000000109|000002164035|
000000109|000003618006|
000000109|000003672006|
000000109|000002164010|
000000109|000003618008|
000000109|000004543011|
000000109|000003618004|
000000110|000003618006|
000000110|000003672006|
000000110|000003618004|
000000110|000004566018|
000000110|000003618008|
000000110|000002164010|
000000110|000004543011|
000000111|000002164035|
000000111|000003618006|
000000111|000003618008|
000000111|000003618004|
000000111|000004543011|
000000111|000003672006|
000000111|000002164010|
000000112|000003672006|
000000112|000002164010|
000000113|000002164010|
000000113|000003618008|
000000113|000003672006|
000000113|000003618004|
000000114|000003618008|
000000114|000003618004|
000000114|000002164010|
000000114|000003672006|
000000115|000003699011|
000000115|000003699007|
000000115|000003693007|
000000115|000004543010|
000000115|000003817012|
000000115|000005294002|
000000115|000003672012|
000000115|000003607007|
000000115|000003672009|
000000115|000005265002|
000000115|000002164027|
000000115|000003699002|
000000115|000003618008|
000000115|000003817009|
000000115|000005986004|
000000115|000004543005|
000000115|000004630006|
000000115|000003817013|
000000115|000003699003|
000000115|000005294003|
000000115|000003618007|
000000115|000004566018|
000000115|000003659002|
000000115|000005986002|
000000115|000003817002|
000000115|000003607015|
000000115|000003699005|
000000115|000004630014|
000000115|000004630012|
000000115|000003817007|
000000115|000003817004|
000000115|000003817003|
000000115|000003618004|
000000115|000003618003|
000000115|000004630003|
000000115|000005986003|
000000115|000003607014|
000000115|000003693006|
000000115|000003659008|
000000115|000002164021|
000000115|000003659015|
000000115|000004566009|
000000115|000004630016|
000000115|000003817016|
000000115|000002164034|
000000115|000003693005|
000000115|000004566006|
000000115|000003693014|
000000115|000003659006|
000000115|000002164033|
000000115|000005265003|
000000115|000003699008|
000000115|000002164020|
000000115|000003699015|
000000115|000003672008|
000000115|000003659012|
000000115|000003693013|
000000115|000003453002|
000000116|000002164027|
000000116|000003659002|
000000116|000003607015|
000000116|000003659006|
000000116|000003699008|
000000116|000003672009|
000000116|000003699015|
000000116|000004630006|
000000116|000003618003|
000000116|000003607007|
000000116|000003453002|
000000116|000003817009|
000000116|000003659008|
000000116|000002164020|
000000116|000004846015|
000000116|000004630014|
000000116|000003607014|
000000116|000002164021|
000000116|000003659012|
000000116|000004543005|
000000116|000004630012|
000000116|000003672008|
000000116|000004630003|
000000116|000003659015|
000000116|000003693014|
000000116|000004846019|
000000116|000003618004|
000000116|000003817007|
000000116|000004566006|
000000116|000005265003|
000000116|000004630016|
000000116|000003693013|
000000116|000003672012|
000000116|000003618008|
000000116|000003699011|
000000116|000004566009|
000000116|000003693005|
000000116|000004846007|
000000116|000003817013|
000000116|000002164033|
000000116|000003618007|
000000116|000004543010|
000000117|000004566009|
000000117|000005986003|
000000117|000002164021|
000000117|000003693005|
000000117|000003817009|
000000117|000003699011|
000000117|000005253003|
000000117|000003618008|
000000117|000002164020|
000000117|000004846015|
000000117|000003453002|
000000117|000004566018|
000000117|000003817003|
000000117|000003618003|
000000117|000003607007|
000000117|000004543010|
000000117|000004630012|
000000117|000003659006|
000000117|000002164007|
000000117|000004630014|
000000117|000004630006|
000000117|000005265002|
000000117|000003672009|
000000117|000003659002|
000000117|000003618004|
000000117|000003817002|
000000117|000003817013|
000000117|000003607015|
000000117|000003618007|
000000117|000002164027|
000000117|000005265003|
000000117|000003693006|
000000117|000003659008|
000000117|000005986002|
000000117|000004846007|
000000117|000003693014|
000000117|000003693007|
000000117|000003659015|
000000117|000003672008|
000000117|000003817004|
000000117|000003699003|
000000117|000004846019|
000000117|000005294002|
000000117|000003817012|
000000117|000003817007|
000000117|000004566006|
000000117|000002164005|
000000117|000005986004|
000000117|000004630016|
000000117|000004630003|
000000117|000003693013|
000000117|000003699008|
000000117|000003659012|
000000117|000004543005|
000000117|000003672012|
000000117|000003607014|
000000117|000005294003|
000000117|000005253002|
000000117|000003699015|
000000118|000003699011|
000000118|000003618008|
000000118|000003618003|
000000118|000005294002|
000000118|000003817013|
000000118|000004630003|
000000118|000005294003|
000000118|000004566006|
000000118|000004846015|
000000118|000003699007|
000000118|000003659016|
000000118|000003699009|
000000118|000003618014|
000000118|000003693007|
000000118|000003693006|
000000118|000003607013|
000000118|000005265003|
000000118|000003817004|
000000118|000003607014|
000000118|000003607007|
000000118|000004846019|
000000118|000004543011|
000000118|000003607016|
000000118|000003693010|
000000118|000004630016|
000000118|000004566018|
000000118|000003817008|
000000118|000003659008|
000000118|000003453002|
000000118|000004630006|
000000118|000004630014|
000000118|000004566010|
000000118|000003699014|
000000118|000002164028|
000000118|000003817002|
000000118|000002164027|
000000118|000003672009|
000000118|000002164016|
000000118|000003659002|
000000118|000003693014|
000000118|000004630013|
000000118|000003659006|
000000118|000003672006|
000000118|000003699004|
000000118|000003699002|
000000118|000002164010|
000000118|000002164009|
000000118|000003699003|
000000118|000004543005|
000000118|000003699005|
000000118|000002164020|
000000118|000005265002|
000000118|000002164021|
000000118|000003672014|
000000118|000003659014|
000000118|000003659012|
000000119|000003618008|
000000119|000004543011|
000000119|000003618004|
000000119|000002164010|
000000119|000003672006|
000000119|000002164035|
000000120|000003672006|
000000120|000002164010|
000000120|000004543011|
000000120|000002164023|
000000120|000002164035|
000000120|000003618004|
000000120|000003618008|
000000121|000002164035|
000000121|000002164010|
000000121|000003618008|
000000121|000004543011|
000000121|000003618004|
000000121|000003672006|
000000122|000002164010|
000000122|000002164035|
000000122|000003672006|
000000122|000003618004|
000000122|000003618008|
000000122|000004543011|
000000123|000002164035|
000000123|000003672006|
000000123|000002164010|
000000123|000003618004|
000000123|000003618008|
000000123|000004543011|
000000124|000004566018|
000000124|000003672006|
000000124|000003618008|
000000124|000002164010|
000000124|000003618004|
000000124|000003699005|
000000124|000002164011|
000000125|000002164035|
000000125|000003618004|
000000125|000003672006|
000000125|000003699005|
000000125|000003618008|
000000125|000002164011|
000000125|000004543011|
000000125|000002164010|
000000125|000003618006|
000000126|000002164030|
000000126|000003618004|
000000126|000003618008|
000000126|000004543011|
000000126|000003618006|
000000126|000002164011|
000000126|000003699005|
000000126|000003672006|
000000126|000003817014|
000000126|000002164010|
000000126|000002164035|
000000127|000004543011|
000000127|000003699002|
000000127|000003672006|
000000127|000002164010|
000000127|000003699007|
000000127|000002164011|
000000127|000003618006|
000000127|000002164035|
000000127|000003618008|
000000127|000003699005|
000000127|000003618004|
000000127|000002164030|
000000128|000003618006|
000000128|000003618004|
000000128|000003699005|
000000128|000003618008|
000000128|000004566018|
000000128|000004543011|
000000128|000003672006|
000000128|000002164010|
000000129|000002164009|
000000130|000003693005|
000000130|000002164021|
000000130|000002164004|
000000130|000002164009|
000000130|000003693014|
000000130|000002164020|
000000130|000002164027|
000000131|000002164009|
000000131|000002164021|
000000131|000002164020|
000000131|000002164027|
000000131|000003453002|
000000132|000002164027|
000000132|000003607004|
000000132|000002164009|
000000132|000002164007|
000000132|000002164008|
000000132|000002164020|
000000132|000003607014|
000000132|000002164021|
000000132|000002164005|
000000132|000003607007|
000000133|000003607007|
000000133|000002164009|
000000133|000002164027|
000000133|000002164021|
000000133|000003607014|
000000133|000002164020|
000000133|000003607004|
000000134|000003180002|
000000134|000003607007|
000000134|000002164027|
000000134|000002164009|
000000134|000002164021|
000000134|000003607014|
000000134|000003607004|
000000134|000002164020|
000000135|000002164005|
000000135|000002164020|
000000135|000003607007|
000000135|000002164009|
000000135|000002164027|
000000135|000003607014|
000000135|000002164007|
000000135|000002164021|
000000136|000003607007|
000000136|000002164027|
000000136|000002164020|
000000136|000002164009|
000000136|000002164021|
000000136|000002164013|
000000136|000003607014|
000000137|000002164020|
000000137|000002164027|
000000137|000002164021|
000000137|000003607014|
000000137|000002164009|
000000137|000003607007|
000000138|000002164027|
000000138|000003607014|
000000138|000003607007|
000000138|000002164020|
000000138|000002164009|
000000138|000002164021|
000000139|000002164020|
000000139|000003607015|
000000139|000003607007|
000000139|000002164021|
000000139|000003607014|
000000139|000002164027|
000000140|000004543011|
000000140|000002164010|
000000140|000003618008|
000000140|000003618004|
000000140|000003672006|
000000140|000003699005|
000000141|000002164021|
000000141|000003817004|
000000141|000002164027|
000000141|000002164007|
000000141|000002164009|
000000141|000002164020|
000000141|000003817005|
000000141|000003817006|
000000141|000002164005|
000000141|000003817002|
000000141|000003817013|
000000142|000002164009|
000000142|000002164020|
000000142|000003817008|
000000142|000002164005|
000000142|000002164015|
000000142|000003817006|
000000142|000003817004|
000000142|000003817002|
000000142|000002164027|
000000142|000003817005|
000000142|000002164021|
000000142|000003817013|
000000142|000002164016|
000000142|000002164007|
000000143|000003817006|
000000143|000002164020|
000000143|000002164007|
000000143|000002164009|
000000143|000002164013|
000000143|000003817013|
000000143|000003817005|
000000143|000003817002|
000000143|000002164005|
000000143|000002164027|
000000143|000003817004|
000000143|000002164021|
000000145|000003817002|
000000145|000002164021|
000000145|000003817012|
000000145|000003817017|
000000145|000002164027|
000000145|000002164034|
000000145|000003817009|
000000145|000002164020|
000000145|000003817013|
000000145|000002164033|
000000145|000002164035|
000000145|000003817007|
000000145|000003817004|
000000145|000003817016|
000000145|000003817003|
000000146|000003659013|
000000146|000002164027|
000000146|000002164025|
000000146|000003659004|
000000146|000002164021|
000000146|000002164018|
000000146|000003659002|
000000146|000006923008|
000000146|000003659008|
000000146|000002164007|
000000146|000002164020|
000000146|000006923004|
000000146|000003659006|
000000146|000002164009|
000000146|000002164005|
000000146|000006923003|
000000146|000003659012|
000000147|000002164020|
000000147|000003699003|
000000147|000002164009|
000000147|000003699004|
000000147|000003699002|
000000147|000003699007|
000000147|000003699005|
000000147|000002164027|
000000147|000002164021|
000000147|000003699009|
000000147|000003699011|
000000148|000002164027|
000000148|000002164005|
000000148|000002164021|
000000148|000002164009|
000000148|000003618004|
000000148|000003618003|
000000148|000002164020|
000000148|000002164007|
000000149|000002164009|
000000149|000003618004|
000000149|000003618003|
000000149|000002164019|
000000149|000003618002|
000000149|000003618009|
000000149|000002164017|
000000149|000003618008|
000000150|000002164027|
000000150|000002164021|
000000150|000002164020|
000000373|000002271003|
000000373|000002271033|
000000373|000002271004|
000000373|000002271028|
000000373|000002271006|
000000373|000002271008|
000000373|000002271035|
000000373|000002271014|
000000373|000002271029|
000000373|000002271020|
000000373|000002271005|
000000373|000002271002|
000000374|000002271006|
000000374|000002271002|
000000374|000002271020|
000000374|000002271033|
000000374|000002271004|
000000374|000002271029|
000000374|000005809002|
000000374|000002271008|
000000374|000002271035|
000000374|000002271003|
000000374|000002271005|
000000374|000002271028|
000000374|000002271014|
000000375|000002271016|
000000375|000002271006|
000000375|000002271005|
000000375|000005807002|
000000375|000002271002|
000000375|000005810002|
000000375|000002271035|
000000375|000002271004|
000000375|000002271003|
000000375|000002271017|
000000375|000002271028|
000000375|000002271029|
000000375|000002271034|
000000375|000002271033|
000000375|000002271018|
000000375|000005809002|
000000375|000002271008|
000000375|000002271020|
000000375|000002271014|
000000376|000002271028|
000000376|000002271029|
000000376|000005810002|
000000376|000002271003|
000000376|000002271006|
000000376|000005807002|
000000376|000002271005|
000000376|000002271016|
000000376|000002271018|
000000376|000005809002|
000000376|000002271008|
000000376|000002271035|
000000376|000002271033|
000000376|000002271014|
000000376|000002271017|
000000376|000002271020|
000000376|000002271013|
000000376|000002271002|
000000376|000002271034|
000000376|000002271004|
000000377|000002271014|
000000377|000002271035|
000000377|000002271002|
000000377|000002271003|
000000377|000002271013|
000000377|000002271033|
000000377|000002271029|
000000377|000005809002|
000000377|000002271028|
000000377|000002271020|
000000377|000002271005|
000000377|000002271004|
000000377|000002271008|
000000377|000002271006|
000000378|000002271017|
000000378|000002271028|
000000378|000005810002|
000000378|000002271003|
000000378|000002271014|
000000378|000002271005|
000000378|000002271004|
000000378|000002271029|
000000378|000002271035|
000000378|000005809002|
000000378|000002271033|
000000378|000002271018|
000000378|000002271020|
000000378|000002271002|
000000378|000002271008|
000000378|000002271016|
000000378|000005807002|
000000378|000002271006|
000000379|000002271028|
000000379|000002271006|
000000379|000005807002|
000000379|000005809002|
000000379|000002271035|
000000379|000002271008|
000000379|000002271033|
000000379|000002271014|
000000379|000005810002|
000000379|000002271020|
000000379|000002271017|
000000379|000002271029|
000000379|000002271002|
000000379|000002271003|
000000379|000002271018|
000000379|000002271016|
000000379|000002271005|
000000380|000002271033|
000000380|000002271005|
000000380|000002271028|
000000380|000002271029|
000000380|000002271003|
000000380|000002271014|
000000380|000002271002|
000000380|000002271020|
000000380|000002271006|
000000380|000002271035|
000000381|000002271032|
000000381|000005808002|
000000381|000002271029|
000000381|000002271003|
000000381|000002271035|
000000381|000002271002|
000000381|000002271020|
000000381|000002271005|
000000381|000005814002|
000000381|000002271022|
000000381|000002271019|
000000381|000002271034|
000000381|000002271006|
000000381|000002271033|
000000381|000005807002|
000000381|000005810002|
000000381|000002271028|
000000382|000002271029|
000000382|000002271002|
000000382|000002271019|
000000382|000005808002|
000000382|000002271004|
000000382|000002271020|
000000382|000002271022|
000000382|000005810002|
000000382|000005814002|
000000382|000002271006|
000000382|000002271005|
000000382|000002271028|
000000382|000002271035|
000000382|000002271034|
000000382|000005807002|
000000382|000002271032|
000000382|000002271003|
000000382|000002271033|
000000383|000002271002|
000000383|000002271022|
000000383|000002271005|
000000383|000002271019|
000000383|000002271032|
000000383|000002271035|
000000383|000002271020|
000000383|000002271029|
000000383|000002271028|
000000383|000002271006|
000000383|000002271034|
000000383|000002271003|
000000383|000002271033|
000000383|000002271023|
000000384|000002271022|
000000384|000002271032|
000000384|000002271006|
000000384|000002271019|
000000384|000002271035|
000000384|000002271028|
000000384|000002271033|
000000384|000002271005|
000000384|000002271003|
000000384|000002271004|
000000384|000002271002|
000000384|000002271034|
000000384|000002271020|
000000384|000002271029|
000000385|000002271017|
000000385|000002271028|
000000385|000002271014|
000000385|000002271006|
000000385|000002271002|
000000385|000002271033|
000000385|000002271029|
000000385|000002271018|
000000385|000002271008|
000000385|000002271005|
000000385|000002271035|
000000385|000002271004|
000000385|000002271020|
000000385|000002271003|
000000385|000002271016|
000000386|000002271012|
000000386|000002271003|
000000386|000002271008|
000000386|000002271020|
000000386|000002271017|
000000386|000002271006|
000000386|000002271004|
000000386|000002271002|
000000386|000002271034|
000000386|000002271014|
000000386|000005809002|
000000386|000002271028|
000000386|000002271018|
000000386|000005810002|
000000386|000002271005|
000000386|000002271035|
000000386|000002271029|
000000386|000005807002|
000000386|000002271016|
000000387|000002271020|
000000387|000005808002|
000000387|000002271019|
000000387|000002271021|
000000387|000002271034|
000000387|000002271005|
000000387|000002271002|
000000387|000002271006|
000000387|000005807002|
000000387|000002271003|
000000387|000002271035|
000000387|000002271030|
000000387|000002271022|
000000387|000005810002|
000000387|000005814002|
000000387|000002271033|
000000387|000002271029|
000000387|000002271032|
000000387|000002271028|
000000388|000002271032|
000000388|000002271028|
000000388|000005807002|
000000388|000002271033|
000000388|000002271002|
000000388|000005808002|
000000388|000002271035|
000000388|000002271003|
000000388|000002271022|
000000388|000002271005|
000000388|000002271006|
000000388|000002271020|
000000388|000005810002|
000000388|000002271007|
000000388|000002271019|
000000388|000005814002|
000000388|000002271034|
000000388|000002271029|
000000389|000002271002|
000000389|000002271015|
000000389|000002271030|
000000389|000002271006|
000000389|000005807002|
000000389|000002271003|
000000389|000002271029|
000000389|000002271005|
000000389|000002271021|
000000389|000005814002|
000000389|000002271020|
000000389|000005810002|
000000389|000002271022|
000000390|000002271029|
000000390|000005810002|
000000390|000005814002|
000000390|000002271031|
000000390|000002271009|
000000390|000005811002|
000000390|000002271006|
000000390|000002271005|
000000390|000002271003|
000000390|000002271022|
000000390|000002271033|
000000390|000002271020|
000000390|000002271002|
000000390|000005807002|
000000391|000002271031|
000000391|000002271010|
000000391|000002271033|
000000392|000002271031|
000000392|000002271033|
000000392|000002271036|
000000392|000002271010|
000000393|000002271033|
000000393|000002271036|
000000393|000002271010|
000000393|000002271031|
000000395|000002271031|
000000395|000002271033|
000000396|000002271031|
000000396|000002271033|
000000397|000002271033|
000000397|000002271028|
000000398|000002271033|
000000398|000002271010|
000000399|000002271014|
000000399|000002271035|
000000399|000002271017|
000000399|000005809002|
000000399|000002271008|
000000399|000002271003|
000000399|000002271005|
000000399|000002271028|
000000399|000005807002|
000000399|000002271033|
000000399|000002271006|
000000399|000002271018|
000000399|000002271029|
000000399|000002271020|
000000399|000002271002|
000000399|000005810002|
000000399|000002271016|
000000400|000002271031|
000000400|000002271033|
000000400|000002271020|
000000400|000002271029|
000000400|000002271022|
000000400|000002271003|
000000400|000002271009|
000000400|000002271002|
000000400|000002271006|
000000400|000002271005|
000000402|000002714008|
000000402|000002714029|
000000402|000002711002|
000000402|000002712002|
000000402|000002714020|
000000402|000002714025|
000000402|000002714030|
000000402|000002714026|
000000402|000002714013|
000000402|000002714015|
000000402|000002714009|
000000402|000002714016|
000000402|000002713002|
000000403|000002711002|
000000403|000002714009|
000000403|000002714020|
000000403|000002712002|
000000404|000002714016|
000000404|000002714009|
000000404|000002714025|
000000404|000002714020|
000000404|000002714012|
000000404|000002714015|
000000405|000002712002|
000000405|000002714016|
000000405|000002714009|
000000405|000002714020|
000000405|000002714032|
000000405|000002711002|
000000405|000002714025|
000000405|000002714015|
000000406|000002714020|
000000406|000002714013|
000000406|000002714009|
000000406|000002714026|
000000406|000002713002|
000000406|000002714029|
000000406|000002714008|
000000407|000002714009|
000000407|000002714026|
000000407|000002714013|
000000407|000002714030|
000000407|000002714025|
000000407|000002714008|
000000407|000002714029|
000000407|000002714020|
000000408|000002714020|
000000408|000002714012|
000000408|000002714009|
000000409|000002714020|
000000409|000002714012|
000000409|000002714009|
000000410|000002714009|
000000410|000002714032|
000000410|000002714020|
000000411|000002708002|
000000411|000002710002|
000000411|000002714020|
000000411|000002712002|
000000411|000002714009|
000000411|000002714025|
000000411|000002711002|
000000411|000002714032|
000000411|000002714003|
000000411|000002714006|
000000411|000002714007|
000000412|000002710002|
000000412|000002714020|
000000412|000002712002|
000000412|000002714009|
000000412|000002714002|
000000412|000002714006|
000000412|000002714007|
000000412|000002714032|
000000412|000002708002|
000000412|000002714025|
000000412|000002711002|
000000413|000002710002|
000000413|000002714019|
000000413|000002714021|
000000414|000002714021|
000000414|000002714019|
000000414|000002710002|
000000415|000002714021|
000000415|000002710002|
000000415|000002714019|
000000416|000002714019|
000000416|000002714021|
000000416|000002710002|
000000416|000002714015|
000000416|000002714016|
000000417|000002708002|
000000417|000002714026|
000000417|000002714030|
000000417|000002714020|
000000417|000002710002|
000000417|000002714025|
000000417|000002712002|
000000417|000002714029|
000000417|000002714008|
000000417|000002713002|
000000417|000002711002|
000000417|000002714009|
000000417|000002714018|
000000417|000002714013|
000000418|000002714009|
000000418|000002714029|
000000418|000002712002|
000000418|000002714020|
000000418|000002708002|
000000418|000002714005|
000000418|000002714026|
000000418|000002710002|
000000418|000002714008|
000000418|000002713002|
000000418|000002711002|
000000418|000002714030|
000000418|000002714025|
000000418|000002714024|
000000418|000002714013|
000000419|000002714005|
000000419|000002714009|
000000419|000002713002|
000000419|000002714029|
000000419|000002714026|
000000419|000002708002|
000000419|000002712002|
000000419|000002714024|
000000419|000002714030|
000000419|000002711002|
000000419|000002714020|
000000419|000002714013|
000000419|000002714008|
000000419|000002714025|
000000419|000002710002|
000000420|000002714030|
000000420|000002714026|
000000420|000002714009|
000000420|000002714018|
000000420|000002714029|
000000420|000002714013|
000000420|000002714025|
000000420|000002711002|
000000420|000002712002|
000000420|000002714020|
000000420|000002714014|
000000421|000002714020|
000000421|000002714010|
000000421|000002714009|
000000421|000002714024|
000000421|000002714013|
000000421|000002714026|
000000421|000002714014|
000000421|000002714029|
000000421|000002714030|
000000421|000002711002|
000000421|000002712002|
000000422|000002714022|
000000422|000002714025|
000000422|000002714028|
000000422|000002714020|
000000422|000002712002|
000000422|000002708002|
000000422|000002714006|
000000422|000002711002|
000000422|000002714032|
000000422|000002710002|
000000422|000002714030|
000000422|000002714007|
000000422|000002714009|
000000423|000002714009|
000000423|000002714030|
000000423|000002714020|
000000423|000002711002|
000000423|000002712002|
000000423|000002714027|
000000423|000002714025|
000000424|000002714020|
000000424|000002712002|
000000424|000002714014|
000000424|000002714025|
000000424|000002714027|
000000424|000002714004|
000000424|000002711002|
000000424|000002714009|
000000424|000002714011|
000000425|000002712002|
000000425|000002714030|
000000425|000002714009|
000000425|000002714027|
000000425|000002714020|
000000425|000002714014|
000000425|000002711002|
000000426|000002714030|
000000426|000002714025|
000000426|000002714014|
000000426|000002712002|
000000426|000002714009|
000000426|000002714027|
000000426|000002714020|
000000426|000002711002|
000000427|000002710002|
000000428|000002712002|
000000428|000002714009|
000000428|000002714015|
000000428|000002714016|
000000428|000002714025|
000000428|000002714020|
000000428|000002711002|
000000430|000002711002|
000000430|000002714009|
000000430|000002712002|
000000430|000002714025|
000000430|000002714020|
000000430|000002714014|
000000430|000002714027|
000000431|000002714030|
000000431|000002714027|
000000431|000002714020|
000000431|000002714009|
000000431|000002714014|
000000431|000002714025|
000000431|000002714031|
000000432|000002714031|
000000432|000002714009|
000000432|000002714020|
000000432|000002714025|
000000432|000002711002|
000000432|000002712002|
000000432|000002714027|
000000432|000002714014|
000000432|000002714030|
000000433|000002714029|
000000433|000002714020|
000000433|000002714009|
000000433|000002711002|
000000433|000002712002|
000000433|000002714027|
000000433|000002714013|
000000434|000002714027|
000000434|000002711002|
000000434|000002714020|
000000434|000002712002|
000000434|000002714024|
000000434|000002714009|
000000434|000002714030|
000000434|000002714014|
000000435|000002714025|
000000435|000002714017|
000000435|000002714009|
000000435|000002714020|
000000436|000002714020|
000000436|000002714017|
000000436|000002714009|
000000437|000002714020|
000000437|000002714009|
000000437|000002711002|
000000437|000002714017|
000000437|000002712002|
000000438|000002714026|
000000438|000002714009|
000000438|000002711002|
000000438|000002712002|
000000438|000002714020|
000000439|000002714020|
000000439|000002714025|
000000439|000002714026|
000000439|000002714009|
000000439|000002714029|
000000439|000002714013|
000000439|000002714030|
000000439|000002714008|
000000440|000002714026|
000000440|000002712002|
000000440|000002714016|
000000440|000002714015|
000000440|000002714009|
000000440|000002714020|
000000440|000002714030|
000000440|000002711002|
000000441|000002711002|
000000441|000002714009|
000000441|000002714020|
000000441|000002712002|
000000441|000002714025|
000000442|000002714015|
000000442|000002714026|
000000442|000002711002|
000000442|000002714030|
000000442|000002712002|
000000442|000002714009|
000000442|000002714016|
000000442|000002714020|
000000443|000002714009|
000000443|000002714026|
000000443|000002712002|
000000443|000002714025|
000000443|000002714029|
000000443|000002714024|
000000443|000002713002|
000000443|000002711002|
000000443|000002714013|
000000443|000002714008|
000000443|000002714020|
000000443|000002714030|
000000444|000002714020|
000000444|000002714029|
000000444|000002711002|
000000444|000002714024|
000000444|000002712002|
000000444|000002714009|
000000444|000002714025|
000000444|000002714013|
000000444|000002714030|
000000444|000002714014|
000000444|000002714026|
000000445|000002714024|
000000445|000002714020|
000000445|000002714025|
000000445|000002714009|
000000445|000002714029|
000000445|000002714030|
000000445|000002714013|
000000445|000002714014|
000000445|000002711002|
000000445|000002712002|
000000446|000002714020|
000000446|000002714014|
000000446|000002714009|
000000446|000002711002|
000000446|000002712002|
000000446|000002714030|
000000447|000002711002|
000000447|000002714009|
000000447|000002714020|
000000447|000002712002|
000000448|000002712002|
000000448|000002714020|
000000448|000002714030|
000000448|000002714009|
000000448|000002711002|
000000449|000002712002|
000000449|000002714009|
000000449|000002714020|
000000449|000002711002|
000000449|000002714025|
000000452|000002714025|
000000452|000002714020|
000000452|000002712002|
000000452|000002714009|
000000452|000002711002|
000000453|000002712002|
000000453|000002714027|
000000453|000002714020|
000000453|000002714014|
000000453|000002714030|
000000453|000002711002|
000000453|000002714009|
000000454|000002714030|
000000454|000002711002|
000000454|000002714014|
000000454|000002714009|
000000454|000002714027|
000000454|000002712002|
000000454|000002714020|
000000455|000002714030|
000000455|000002714014|
000000455|000002714027|
000000455|000002714009|
000000455|000002712002|
000000455|000002714020|
000000455|000002711002|
000000456|000002714009|
000000456|000002712002|
000000456|000002714014|
000000456|000002714020|
000000456|000002711002|
000000457|000002714020|
000000457|000002711002|
000000457|000002714027|
000000457|000002714014|
000000457|000002712002|
000000457|000002714009|
000000457|000002714030|
000000458|000002714009|
000000458|000002714017|
000000458|000002711002|
000000458|000002714020|
000000458|000002712002|
000000459|000002714017|
000000459|000002711002|
000000459|000002712002|
000000459|000002714020|
000000459|000002714025|
000000459|000002714030|
000000459|000002714009|
000000460|000002462003|
000000460|000006034005|
000000460|000002462011|
000000460|000006168003|
000000460|000006660002|
000000460|000002462023|
000000460|000002462033|
000000460|000006168006|
000000460|000006168002|
000000460|000006034006|
000000460|000002462016|
000000460|000006034008|
000000460|000006661002|
000000460|000002462013|
000000460|000006659002|
000000460|000006034004|
000000460|000002462007|
000000460|000006034007|
000000460|000002462008|
000000460|000002462015|
000000460|000006034010|
000000460|000002462021|
000000460|000002462029|
000000460|000006691002|
000000460|000006657002|
000000460|000002462004|
000000460|000006656002|
000000460|000002462009|
000000461|000006034006|
000000461|000002462007|
000000461|000006034007|
000000461|000002462013|
000000461|000006034008|
000000461|000006659002|
000000461|000006168006|
000000461|000006691002|
000000461|000006168003|
000000461|000006660002|
000000461|000002462011|
000000461|000002462009|
000000461|000006656002|
000000461|000006034010|
000000461|000006657002|
000000461|000006034005|
000000461|000002462008|
000000461|000002462003|
000000461|000006661002|
000000461|000002462023|
000000461|000006168002|
000000462|000002462013|
000000462|000002462007|
000000462|000002462009|
000000462|000006168002|
000000462|000006034005|
000000462|000006168003|
000000462|000006168006|
000000462|000002462003|
000000462|000006657002|
000000462|000006659002|
000000462|000006661002|
000000462|000006656002|
000000463|000002462008|
000000463|000002462011|
000000463|000002462015|
000000463|000006034010|
000000463|000006034007|
000000463|000006034008|
000000463|000006656002|
000000463|000006661002|
000000463|000006659002|
000000463|000006034006|
000000463|000002462009|
000000463|000006034004|
000000463|000006660002|
000000463|000002462016|
000000463|000006657002|
000000464|000002462004|
000000464|000002462005|
000000464|000002462028|
000000464|000006657002|
000000464|000002462015|
000000464|000006034007|
000000464|000002462016|
000000464|000002462029|
000000464|000002462033|
000000464|000002462009|
000000464|000006034010|
000000464|000006659002|
000000464|000006034004|
000000464|000006034008|
000000464|000002462021|
000000464|000006661002|
000000464|000006034006|
000000464|000006656002|
000000465|000006168003|
000000465|000006661002|
000000465|000002462013|
000000465|000002462011|
000000465|000006657002|
000000465|000002462003|
000000465|000006168002|
000000465|000002462009|
000000465|000002462008|
000000465|000006656002|
000000465|000002462021|
000000465|000002462004|
000000465|000006034005|
000000465|000006660002|
000000465|000006168006|
000000465|000002462033|
000000465|000006034006|
000000465|000002462016|
000000465|000006659002|
000000465|000006034004|
000000465|000006034008|
000000465|000002462007|
000000465|000006034007|
000000465|000006034010|
000000465|000002462015|
000000466|000002462005|
000000466|000002462028|
000000466|000002462004|
000000466|000002462021|
000000466|000006657002|
000000466|000006034006|
000000466|000006168007|
000000466|000006659002|
000000466|000006168008|
000000466|000002462033|
000000466|000002462029|
000000466|000006654002|
000000466|000006034010|
000000466|000006034008|
000000466|000006661002|
000000466|000006656002|
000000467|000002462030|
000000467|000006657002|
000000467|000006656002|
000000467|000002462028|
000000467|000006689002|
000000467|000006659002|
000000467|000006661002|
000000467|000006654002|
000000468|000006657002|
000000468|000006659002|
000000468|000002462002|
000000468|000006654002|
000000468|000002462033|
000000468|000006661002|
000000468|000006034011|
000000468|000002462004|
000000468|000002462022|
000000468|000006656002|
000000468|000006690002|
000000469|000006654002|
000000469|000006656002|
000000469|000006659002|
000000469|000002462024|
000000469|000006661002|
000000469|000002462004|
000000469|000002462022|
000000469|000006657002|
000000469|000006690002|
000000470|000006657002|
000000470|000002462033|
000000470|000006691002|
000000470|000006661002|
000000470|000006659002|
000000470|000006656002|
000000471|000002462029|
000000471|000006654002|
000000471|000006656002|
000000471|000006657002|
000000471|000006659002|
000000471|000006691002|
000000471|000002462004|
000000471|000006661002|
000000472|000006691002|
000000472|000002462004|
000000472|000006661002|
000000472|000006656002|
000000472|000006659002|
000000472|000006654002|
000000472|000002462033|
000000472|000006657002|
000000473|000002462028|
000000473|000006661002|
000000473|000006689002|
000000473|000006654002|
000000473|000006657002|
000000473|000006659002|
000000473|000002462019|
000000473|000006656002|
000000473|000002462010|
000000474|000006034010|
000000474|000006168006|
000000474|000002462008|
000000474|000002462007|
000000474|000006168003|
000000474|000006168005|
000000474|000006168002|
000000474|000002462003|
000000474|000006657002|
000000474|000002462011|
000000474|000006656002|
000000474|000006660002|
000000474|000006034006|
000000474|000006661002|
000000474|000006659002|
000000474|000006034005|
000000474|000002462013|
000000474|000006034008|
000000475|000002462011|
000000475|000002462008|
000000475|000006660002|
000000475|000006657002|
000000475|000006659002|
000000475|000006661002|
000000475|000002462025|
000000475|000006654002|
000000475|000006656002|
000000476|000006657002|
000000476|000006659002|
000000476|000006661002|
000000476|000002462025|
000000476|000006656002|
000000476|000002462026|
000000476|000006654002|
000000476|000002462029|
000000477|000006659002|
000000477|000002462033|
000000477|000006691002|
000000477|000002462030|
000000477|000006654002|
000000477|000002462031|
000000477|000006656002|
000000477|000006661002|
000000477|000006657002|
000000478|000002462013|
000000478|000006656002|
000000478|000006168006|
000000478|000006034005|
000000478|000006168002|
000000478|000002462033|
000000478|000006661002|
000000478|000006691002|
000000478|000002462003|
000000478|000002462031|
000000478|000006168005|
000000478|000006657002|
000000478|000006168003|
000000478|000002462007|
000000478|000006659002|
000000479|000006657002|
000000479|000006656002|
000000479|000006661002|
000000479|000006659002|
000000479|000002462010|
000000479|000006689002|
000000479|000002462019|
000000479|000002462009|
000000479|000002462028|
000000482|000002462025|
000000482|000006661002|
000000482|000006654002|
000000482|000006657002|
000000482|000006656002|
000000482|000006659002|
000000482|000002462033|
000000483|000006656002|
000000483|000006657002|
000000483|000002462033|
000000483|000006659002|
000000483|000002462025|
000000483|000006661002|
000000484|000002462022|
000000484|000006656002|
000000484|000002462033|
000000484|000006690002|
000000484|000006661002|
000000484|000002462032|
000000484|000002462002|
000000484|000006657002|
000000484|000002462025|
000000484|000006689002|
000000484|000006659002|
000000484|000006654002|
000000484|000006034011|
000000485|000006034005|
000000485|000006659002|
000000485|000002462007|
000000485|000002462033|
000000485|000006656002|
000000485|000006689002|
000000485|000006168006|
000000485|000002462013|
000000485|000006661002|
000000485|000006168003|
000000485|000002462003|
000000485|000006168005|
000000485|000006657002|
000000485|000002462025|
000000485|000006168002|
000000486|000002462013|
000000486|000006689002|
000000486|000006168003|
000000486|000006168002|
000000486|000006034005|
000000486|000006168006|
000000486|000002462003|
000000486|000006168005|
000000486|000002462007|
000000486|000002462025|
000000486|000002462033|
000000486|000006656002|
000000486|000006661002|
000000486|000006659002|
000000486|000006657002|
000000487|000002462025|
000000488|000002462025|
000000489|000002462007|
000000489|000006657002|
000000489|000002462033|
000000489|000006656002|
000000489|000006168003|
000000489|000006034005|
000000489|000002462013|
000000489|000006659002|
000000489|000006661002|
000000489|000002462003|
000000489|000006168002|
000000489|000002462025|
000000489|000006168006|
000000489|000006168005|
000000490|000006168003|
000000490|000006034005|
000000490|000002462033|
000000490|000002462013|
000000490|000002462004|
000000490|000002462007|
000000490|000002462003|
000000490|000006661002|
000000490|000002462030|
000000490|000006656002|
000000490|000006659002|
000000490|000006168006|
000000490|000006657002|
000000490|000006168002|
000000490|000006168005|
000000491|000006691002|
000000491|000006656002|
000000491|000006657002|
000000491|000006654002|
000000491|000006661002|
000000491|000002462033|
000000491|000006659002|
000000492|000006034007|
000000492|000006034008|
000000492|000002462007|
000000492|000002462004|
000000492|000006656002|
000000492|000002462025|
000000492|000002462009|
000000492|000002462015|
000000492|000006661002|
000000492|000002462021|
000000492|000006168002|
000000492|000006034010|
000000492|000002462017|
000000492|000002462033|
000000492|000006657002|
000000492|000002462013|
000000492|000006034004|
000000492|000006034005|
000000492|000006034006|
000000492|000002462003|
000000492|000006659002|
000000492|000006168006|
000000492|000006168003|
000000492|000002462016|
000000493|000002462017|
000000493|000006656002|
000000493|000006168002|
000000493|000006661002|
000000493|000002462025|
000000493|000006168005|
000000493|000002462033|
000000493|000002462003|
000000493|000006657002|
000000493|000006168003|
000000493|000006659002|
000000493|000006168006|
000000493|000002462013|
000000493|000002462004|
000000493|000002462007|
000000493|000006034005|
000000494|000006168002|
000000494|000002462004|
000000494|000002462007|
000000494|000006657002|
000000494|000006661002|
000000494|000006168005|
000000494|000006168003|
000000494|000006034005|
000000494|000006659002|
000000494|000006168006|
000000494|000002462003|
000000494|000002462013|
000000494|000006656002|
000000494|000002462025|
000000495|000006656002|
000000495|000006168002|
000000495|000006661002|
000000495|000006691002|
000000495|000006657002|
000000495|000006168005|
000000495|000002462007|
000000495|000006168006|
000000495|000002462003|
000000495|000006034005|
000000495|000002462033|
000000495|000006168003|
000000495|000002462006|
000000495|000006659002|
000000495|000002462013|
000000496|000006034005|
000000496|000006168005|
000000496|000006168002|
000000496|000002462007|
000000496|000002462003|
000000496|000002462002|
000000496|000006691002|
000000496|000006168006|
000000496|000006657002|
000000496|000002462033|
000000496|000006168003|
000000496|000006661002|
000000496|000002462013|
000000496|000006034011|
000000496|000002462004|
000000496|000006656002|
000000496|000006659002|
000000497|000006168005|
000000497|000002462013|
000000497|000002462033|
000000497|000006659002|
000000497|000002462027|
000000497|000002462026|
000000497|000006168002|
000000497|000006661002|
000000497|000002462007|
000000497|000006657002|
000000497|000002462003|
000000497|000002462031|
000000497|000006168003|
000000497|000006034005|
000000497|000002462029|
000000497|000006656002|
000000497|000006168006|
000000498|000006168002|
000000498|000002462007|
000000498|000006657002|
000000498|000002462013|
000000498|000006168005|
000000498|000006659002|
000000498|000006661002|
000000498|000006034005|
000000498|000006168003|
000000498|000006656002|
000000498|000002462033|
000000498|000002462003|
000000498|000006168006|
000000499|000006168006|
000000499|000006168003|
000000499|000006034008|
000000499|000006034004|
000000499|000006657002|
000000499|000006661002|
000000499|000002462003|
000000499|000006034007|
000000499|000002462013|
000000499|000006656002|
000000499|000002462025|
000000499|000002462009|
000000499|000006034010|
000000499|000002462016|
000000499|000006168002|
000000499|000006034005|
000000499|000002462007|
000000499|000002462015|
000000499|000006659002|
000000499|000006034006|
000000500|000006657002|
000000500|000006168005|
000000500|000006034005|
000000500|000006168006|
000000500|000006168003|
000000500|000006656002|
000000500|000006659002|
000000500|000006661002|
000000500|000006168002|
000000500|000002462003|
000000500|000002462007|
000000500|000002462013|
000000501|000006656002|
000000501|000002462025|
000000501|000006659002|
000000501|000006661002|
000000501|000006657002|
000000502|000006168003|
000000502|000006168005|
000000502|000002462003|
000000502|000006659002|
000000502|000006034005|
000000502|000006168002|
000000502|000006656002|
000000502|000006168006|
000000502|000006661002|
000000502|000006657002|
000000502|000002462013|
000000502|000002462007|
000000503|000006168006|
000000503|000006168002|
000000503|000002462003|
000000503|000002462013|
000000503|000006661002|
000000503|000006656002|
000000503|000006657002|
000000503|000006168005|
000000503|000006168003|
000000503|000002462033|
000000503|000006034005|
000000503|000006659002|
000000503|000002462007|
000000504|000006168005|
000000504|000006656002|
000000504|000006661002|
000000504|000006168006|
000000504|000006168002|
000000504|000002462003|
000000504|000002462007|
000000504|000002462013|
000000504|000002462025|
000000504|000006657002|
000000504|000002462033|
000000504|000006168003|
000000505|000006168006|
000000505|000006656002|
000000505|000002462007|
000000505|000006168003|
000000505|000002462003|
000000505|000002462033|
000000505|000006168005|
000000505|000006168002|
000000505|000006661002|
000000505|000002462013|
000000505|000006657002|
000000505|000002462025|
000000506|000002462003|
000000506|000006034005|
000000506|000006659002|
000000506|000006657002|
000000506|000006168003|
000000506|000006656002|
000000506|000002462033|
000000506|000002462013|
000000506|000006168002|
000000506|000006168005|
000000506|000002462007|
000000506|000006661002|
000000506|000006168006|
000000507|000002938003|
000000507|000002938032|
000000507|000002938015|
000000507|000006303002|
000000507|000002938025|
000000507|000006297002|
000000507|000002938017|
000000507|000002938011|
000000507|000002938024|
000000507|000002938018|
000000507|000002938028|
000000507|000002938004|
000000507|000002938027|
000000508|000002938032|
000000508|000002938017|
000000508|000002938018|
000000508|000006297002|
000000508|000006303002|
000000508|000002938027|
000000508|000002938011|
000000508|000002938028|
000000508|000002938025|
000000508|000002938015|
000000508|000002938004|
000000508|000002938024|
000000509|000002938025|
000000509|000002938004|
000000509|000002938011|
000000509|000002938018|
000000509|000002938027|
000000509|000002938017|
000000509|000002938028|
000000509|000006303002|
000000509|000002938024|
000000509|000006297002|
000000510|000002938025|
000000510|000002938005|
000000510|000002938018|
000000510|000002938004|
000000510|000002938033|
000000510|000002938002|
000000510|000003205002|
000000510|000006297002|
000000510|000002938024|
000000510|000002938011|
000000510|000006303002|
000000510|000002938027|
000000510|000002938017|
000000510|000002938006|
000000511|000006294002|
000000511|000003205002|
000000511|000002938005|
000000511|000002938020|
000000511|000002938027|
000000511|000006297002|
000000511|000002938023|
000000511|000002938028|
000000511|000002938006|
000000511|000002938009|
000000511|000002938033|
000000511|000002938004|
000000511|000002938024|
000000511|000002938002|
000000511|000002938025|
000000512|000002938005|
000000512|000006297002|
000000512|000002938002|
000000512|000002938033|
000000512|000002938009|
000000512|000002938027|
000000512|000002938024|
000000512|000002938006|
000000512|000006294002|
000000512|000002938023|
000000512|000003205002|
000000512|000002938025|
000000512|000002938004|
000000512|000002938028|
000000513|000002938027|
000000513|000002938009|
000000513|000006294002|
000000513|000002938006|
000000513|000002938033|
000000513|000006297002|
000000513|000002938004|
000000513|000002938025|
000000513|000002938028|
000000513|000002938020|
000000513|000002938024|
000000513|000002938005|
000000513|000002938002|
000000513|000002938023|
000000514|000002938002|
000000514|000003203003|
000000514|000002938006|
000000514|000002938027|
000000514|000003202002|
000000514|000002938024|
000000514|000002938025|
000000514|000002938005|
000000514|000003203002|
000000514|000002938004|
000000514|000006297002|
000000514|000006306002|
000000514|000002938007|
000000515|000002938025|
000000515|000002938027|
000000515|000006297002|
000000515|000002938003|
000000515|000002938004|
000000515|000002938024|
000000516|000002938012|
000000516|000002938010|
000000516|000003206003|
000000516|000002938033|
000000516|000003205002|
000000516|000002938003|
000000516|000002938002|
000000516|000002938006|
000000516|000002938005|
000000521|000002938005|
000000521|000002938003|
000000521|000002938006|
000000521|000002938033|
000000521|000002938010|
000000521|000002938002|
000000521|000002938012|
000000522|000002747009|
000000523|000002747014|
000000523|000002747009|
000000523|000002747015|
000000523|000002747016|
000000524|000002747009|
000000524|000002747015|
000000524|000002747016|
000000527|000002747009|
000000528|000002747009|
000000530|000002747009|
000000531|000002747009|
000000532|000002747009|
000000533|000002747030|
000000533|000002747015|
000000533|000002747014|
000000533|000002747033|
000000533|000002747016|
000000533|000002747031|
000000533|000002747026|
000000534|000002747030|
000000534|000002747022|
000000534|000002747029|
000000534|000002747002|
000000534|000002747025|
000000535|000002747031|
000000535|000002747002|
000000535|000002747022|
000000535|000002747029|
000000535|000002747030|
000000535|000002747025|
000000536|000002747022|
000000536|000002747002|
000000536|000002747008|
000000536|000002747029|
000000537|000002747002|
000000537|000002747022|
000000537|000002747024|
000000537|000002747029|
000000538|000002747005|
000000538|000002747023|
000000538|000002747022|
000000538|000002747029|
000000538|000002747002|
000000539|000002747007|
000000539|000002747029|
000000540|000002747026|
000000540|000002747030|
000000540|000002747018|
000000540|000002747033|
000000540|000002747007|
000000541|000002747012|
000000541|000002747010|
000000541|000002747013|
000000542|000002747013|
000000542|000002747010|
000000542|000002747012|
000000543|000002747035|
000000543|000002747030|
000000543|000002747026|
000000543|000002747018|
000000543|000002747033|
000000544|000002747018|
000000544|000002747022|
000000544|000002747026|
000000544|000002747031|
000000545|000002747018|
000000545|000002747027|
000000545|000002747026|
000000545|000002747031|
000000546|000002747029|
000000546|000002747022|
000000546|000002747017|
000000548|000002747022|
000000548|000002747030|
000000548|000002747029|
000000548|000002747031|
000000548|000002747006|
000000551|000002747017|
000000552|000002747030|
000000552|000002747002|
000000552|000002747022|
000000552|000002747026|
000000552|000002747018|
000000553|000002747026|
000000553|000002747030|
000000553|000002747033|
000000553|000002747031|
000000554|000002747033|
000000554|000002747018|
000000554|000002747030|
000000554|000002747026|
000000555|000002747010|
000000555|000002747013|
000000555|000002747012|
000000556|000002747012|
000000556|000002747031|
000000556|000002747013|
000000556|000002747026|
000000556|000002747010|
000000556|000002747018|
000000557|000002747018|
000000557|000002747026|
000000557|000002747031|
000000558|000002747017|
000000558|000002747030|
000000559|000002747017|
000000559|000002747029|
000000559|000002747022|
000000560|000002747017|
000000561|000002747018|
000000561|000002747026|
000000561|000002747031|
000000562|000002747030|
000000562|000002747026|
000000564|000002747033|
000000564|000002747030|
000000564|000002747018|
000000564|000002747031|
000000564|000002747026|
000000565|000002747009|
000000566|000002747011|
000000566|000002747009|
000000567|000002747018|
000000567|000002747030|
000000567|000002747026|
000000567|000002747031|
000000568|000002440020|
000000568|000002440022|
000000568|000002440003|
000000568|000002440010|
000000568|000002440017|
000000568|000002440009|
000000568|000002440023|
000000568|000002440002|
000000568|000002440024|
000000568|000002440004|
000000568|000002440019|
000000568|000002440005|
000000568|000002440025|
000000569|000002440020|
000000569|000002440025|
000000569|000002440003|
000000569|000002440023|
000000569|000002440002|
000000569|000002440004|
000000569|000002440019|
000000569|000002440022|
000000570|000002440022|
000000570|000002440025|
000000570|000002440007|
000000570|000006825002|
000000570|000002440003|
000000570|000002440002|
000000570|000002440020|
000000570|000002440004|
000000570|000002440019|
000000570|000002440005|
000000570|000002440023|
000000571|000002440019|
000000571|000002440002|
000000571|000002440004|
000000571|000002440011|
000000571|000002440005|
000000571|000002440023|
000000571|000002440025|
000000571|000002440003|
000000571|000002440022|
000000571|000002440008|
000000572|000002440023|
000000572|000002440019|
000000572|000002440022|
000000572|000002440011|
000000572|000002440003|
000000572|000002440004|
000000572|000002440025|
000000572|000002440002|
000000573|000002440002|
000000573|000002440022|
000000573|000002440011|
000000573|000002440004|
000000573|000002440003|
000000573|000002440025|
000000573|000002440023|
000000573|000002440019|
000000573|000002440005|
000000574|000002440031|
000000574|000002440019|
000000574|000002440011|
000000574|000002440004|
000000574|000002440023|
000000574|000002440025|
000000574|000002440003|
000000574|000002440022|
000000574|000002440002|
000000575|000002440011|
000000575|000002440025|
000000575|000002440028|
000000575|000002440004|
000000575|000002440019|
000000575|000002440022|
000000575|000002440023|
000000575|000002440002|
000000575|000002440003|
000000576|000002440022|
000000576|000002440004|
000000576|000002440002|
000000576|000002440003|
000000576|000002440023|
000000576|000002440025|
000000576|000002440011|
000000576|000002440019|
000000577|000002440004|
000000577|000002440002|
000000577|000002440019|
000000577|000002440025|
000000577|000002440005|
000000577|000002440023|
000000577|000002440003|
000000577|000002440014|
000000577|000002440015|
000000577|000002440022|
000000577|000002440020|
000000579|000002440019|
000000579|000002440023|
000000579|000002440022|
000000579|000002440002|
000000579|000002440025|
000000579|000002440020|
000000579|000002440004|
000000580|000002440023|
000000580|000002440022|
000000580|000002440002|
000000580|000002440004|
000000580|000002440019|
000000580|000002440015|
000000580|000006830002|
000000580|000003208002|
000000580|000002440005|
000000580|000002440020|
000000580|000002440014|
000000580|000002440025|
000000580|000002440003|
000000581|000002440022|
000000581|000002440020|
000000581|000002440003|
000000581|000002440012|
000000581|000002440023|
000000581|000002440019|
000000581|000002440002|
000000582|000002440017|
000000582|000002440022|
000000582|000002440009|
000000582|000002440010|
000000582|000002440019|
000000582|000002440014|
000000582|000002440020|
000000582|000002440015|
000000582|000002440024|
000000582|000002440025|
000000582|000002440005|
000000582|000002440002|
000000582|000002440003|
000000582|000002440023|
000000582|000002440004|
000000583|000002440020|
000000583|000002440003|
000000583|000002440014|
000000583|000003209003|
000000583|000002440019|
000000583|000006830002|
000000583|000002440022|
000000583|000002440015|
000000583|000002440024|
000000583|000002440005|
000000583|000002440025|
000000583|000003208002|
000000583|000002440017|
000000583|000002440009|
000000583|000002440004|
000000583|000002440002|
000000583|000002440010|
000000583|000002440023|
000000584|000002440022|
000000584|000002440019|
000000584|000002440025|
000000584|000002440003|
000000584|000002440017|
000000584|000002440015|
000000584|000002440020|
000000584|000002440002|
000000584|000002440014|
000000584|000002440023|
000000584|000002440013|
000000584|000002440004|
000000584|000002440005|
000000586|000002440013|
000000586|000006830002|
000000586|000002440014|
000000586|000002440020|
000000586|000002440002|
000000586|000002440023|
000000586|000002440015|
000000586|000002440022|
000000586|000002440003|
000000586|000002440004|
000000586|000002440017|
000000586|000002440025|
000000586|000002440019|
000000586|000002440005|
000000588|000002440020|
000000588|000002440025|
000000588|000003211002|
000000588|000002440023|
000000588|000003212003|
000000588|000002440004|
000000588|000002440015|
000000588|000002440002|
000000588|000002440014|
000000588|000002440022|
000000588|000006828002|
000000588|000002440003|
000000588|000002440019|
000000588|000002440005|
000000589|000006822002|
000000589|000002440005|
000000589|000002440022|
000000589|000002440023|
000000589|000002440019|
000000589|000002440025|
000000589|000002440004|
000000589|000002440029|
000000589|000002440002|
000000589|000002440020|
000000589|000002440003|
000000589|000002440006|
000000590|000002440006|
000000590|000002440005|
000000590|000002440020|
000000590|000002440004|
000000590|000002440023|
000000590|000002440027|
000000590|000002440002|
000000590|000002440003|
000000590|000002440022|
000000590|000006822002|
000000590|000002440019|
000000590|000002440025|
000000591|000002440019|
000000591|000002440020|
000000591|000006830002|
000000591|000006822002|
000000591|000002440004|
000000591|000002440003|
000000591|000003208002|
000000591|000002440022|
000000591|000002440023|
000000591|000002440005|
000000591|000002440002|
000000591|000002440025|
000000591|000002440006|
000000592|000002440020|
000000592|000002440002|
000000592|000002440004|
000000592|000002440025|
000000592|000002440005|
000000592|000002440003|
000000592|000002440022|
000000592|000002440023|
000000592|000002440007|
000000592|000002440019|
000000592|000006825002|
000000593|000006826002|
000000593|000002440019|
000000593|000002440002|
000000593|000002440020|
000000593|000002440025|
000000593|000002440023|
000000593|000002440008|
000000593|000002440004|
000000593|000002440005|
000000593|000002440016|
000000593|000002440003|
000000593|000002440022|
000000594|000002440019|
000000594|000002440023|
000000594|000002440003|
000000594|000006826002|
000000594|000002440025|
000000594|000002440016|
000000594|000002440002|
000000594|000002440022|
000000594|000002440020|
000000594|000002440004|
000000594|000002440005|
000000595|000002440023|
000000595|000002440002|
000000595|000006826002|
000000595|000002440019|
000000595|000002440020|
000000595|000002440025|
000000595|000002440022|
000000595|000002440016|
000000595|000002440005|
000000595|000002440003|
000000595|000002440004|
000000596|000002440003|
000000596|000002440031|
000000596|000002440020|
000000596|000006826002|
000000596|000002440002|
000000596|000002440022|
000000596|000002440023|
000000596|000002440019|
000000596|000002440025|
000000596|000002440016|
000000596|000002440004|
000000597|000002440019|
000000597|000003212003|
000000597|000003212002|
000000597|000002440022|
000000597|000002440021|
000000597|000002440004|
000000597|000002440003|
000000597|000002440025|
000000597|000003211002|
000000597|000002440023|
000000597|000002440002|
000000597|000002440020|
000000598|000002440022|
000000598|000002440021|
000000598|000002440020|
000000598|000003212002|
000000598|000002440003|
000000598|000002440025|
000000598|000003212003|
000000598|000002440023|
000000598|000002440002|
000000598|000003211002|
000000598|000002440019|
000000598|000002440004|
000000599|000002440020|
000000599|000002440005|
000000599|000002440027|
000000599|000002440003|
000000599|000002440002|
000000599|000002440004|
000000599|000002440022|
000000599|000002440019|
000000599|000002440023|
000000600|000002440019|
000000600|000002440004|
000000600|000002440023|
000000600|000002440025|
000000600|000002440020|
000000600|000002440022|
000000600|000002440028|
000000600|000002440003|
000000600|000002440016|
000000600|000002440002|
000000600|000006826002|
000000601|000002440025|
000000601|000002440022|
000000601|000002440019|
000000601|000002440016|
000000601|000006826002|
000000601|000002440002|
000000601|000002440003|
000000601|000002440020|
000000601|000002440004|
000000601|000002440023|
000000602|000002440002|
000000602|000002440016|
000000602|000002440003|
000000602|000006826002|
000000602|000002440020|
000000602|000002440022|
000000602|000002440025|
000000602|000002440005|
000000602|000002440023|
000000602|000006830002|
000000602|000002440004|
000000602|000002440019|
000000603|000002440004|
000000603|000006826002|
000000603|000002440020|
000000603|000002440003|
000000603|000002440019|
000000603|000002440002|
000000603|000002440023|
000000605|000002440002|
000000605|000002440029|
000000605|000002440023|
000000605|000002440022|
000000605|000003208002|
000000605|000002440020|
000000605|000002440019|
000000605|000002440005|
000000605|000002440004|
000000605|000002440003|
000000606|000002440002|
000000606|000002440023|
000000606|000003212002|
000000606|000002440021|
000000606|000002440003|
000000606|000003211002|
000000606|000002440019|
000000606|000002440004|
000000606|000003212003|
000000606|000002440020|
000000607|000002440002|
000000607|000002440020|
000000607|000002440025|
000000607|000002440003|
000000607|000002440022|
000000607|000002440016|
000000607|000002440005|
000000607|000006826002|
000000607|000002440004|
000000607|000002440019|
000000607|000002440029|
000000607|000002440023|
000000608|000002440002|
000000608|000002440019|
000000608|000002440005|
000000608|000002440023|
000000608|000002440004|
000000608|000002440006|
000000608|000002440020|
000000608|000002440022|
000000608|000006822002|
000000608|000002440003|
000000608|000002440030|
000000609|000002440029|
000000609|000002440003|
000000609|000002440002|
000000609|000002440023|
000000609|000002440004|
000000609|000002440020|
000000609|000002440019|
000000609|000002440005|
000000609|000002440022|
000000610|000002440003|
000000610|000002440019|
000000610|000002440004|
000000610|000002440020|
000000610|000002440002|
000000610|000002440005|
000000610|000002440022|
000000610|000002440023|
000000610|000002440018|
000000611|000002440022|
000000611|000002440005|
000000611|000002440004|
000000611|000002440023|
000000611|000002440020|
000000611|000002440030|
000000611|000002440003|
000000611|000002440002|
000000611|000002440019|
000000612|000002440003|
000000612|000002440004|
000000612|000002440005|
000000612|000002440029|
000000612|000002440002|
000000612|000002440019|
000000612|000002440022|
000000612|000002440020|
000000612|000002440023|
000000613|000002440002|
000000613|000002440003|
000000613|000002440019|
000000613|000002440020|
000000613|000002440021|
000000613|000002440029|
000000613|000002440023|
000000613|000002440022|
000000613|000003212002|
000000613|000003212003|
000000613|000003211002|
000000613|000002440005|
000000614|000003212003|
000000614|000003211002|
000000614|000002440022|
000000614|000002440019|
000000614|000003212002|
000000614|000002440020|
000000614|000002440002|
000000614|000002440005|
000000614|000002440003|
000000614|000002440021|
000000615|000006826002|
000000615|000002440025|
000000615|000002440022|
000000615|000002440019|
000000615|000002440016|
000000615|000002440020|
000000615|000002440004|
000000615|000002440002|
000000615|000002440023|
000000616|000002440019|
000000616|000002440029|
000000616|000002440023|
000000616|000002440020|
000000616|000002440004|
000000616|000002440002|
000000616|000002440022|
000000617|000002440019|
000000617|000002440029|
000000617|000002440030|
000000617|000002440020|
000000617|000003212003|
000000617|000003211002|
000000617|000002440023|
000000617|000002440022|
000000617|000002440002|
000000617|000002440021|
000000617|000003212002|
000000618|000002440020|
000000618|000002440004|
000000618|000002440019|
000000618|000002440022|
000000618|000002440002|
000000618|000002440029|
000000618|000002440023|
000000619|000002440019|
000000619|000002440023|
000000619|000002440022|
000000619|000002440020|
000000619|000002440002|
000000619|000002440004|
000000620|000002440019|
000000620|000002440004|
000000620|000002440023|
000000620|000002440020|
000000620|000002440002|
000000620|000002440029|
000000620|000002440022|
000000621|000002440004|
000000621|000002440019|
000000621|000002440022|
000000621|000002440020|
000000621|000002440002|
000000621|000002440029|
000000622|000002440019|
000000622|000002440029|
000000622|000002440022|
000000622|000002440020|
000000622|000002440004|
000000622|000002440002|
000000623|000002440023|
000000623|000002440019|
000000623|000002440020|
000000623|000002440004|
000000623|000002440002|
000000624|000002440004|
000000624|000002440020|
000000624|000002440002|
000000624|000002440019|
000000624|000002440023|
000000625|000002440019|
000000625|000002440020|
000000625|000002440004|
000000625|000002440002|
000000626|000002440004|
000000626|000002440002|
000000626|000002440019|
000000626|000002440020|
000000627|000002440022|
000000627|000002440020|
000000627|000003211002|
000000627|000002440021|
000000627|000002440019|
000000627|000003212002|
000000627|000003212003|
000000627|000002440002|
000000628|000002440020|
000000628|000002440002|
000000628|000002440022|
000000628|000002440019|
000000630|000002440011|
000000631|000002440020|
000000631|000002440022|
000000631|000002440019|
000000631|000002440002|
000000632|000002440029|
000000633|000002440029|
000000634|000002783013|
000000634|000002773002|
000000634|000002783005|
000000634|000002783010|
000000634|000002783007|
000000634|000002783009|
000000634|000002783008|
000000638|000002773002|
000000638|000002783005|
000000638|000002783013|
000000638|000002783010|
000000639|000005445003|
000000639|000002783013|
000000639|000002783023|
000000639|000005445006|
000000639|000005445002|
000000639|000002783005|
000000639|000005445007|
000000639|000002779002|
000000639|000002783010|
000000639|000005445008|
000000639|000002783009|
000000639|000005445005|
000000639|000002783008|
000000639|000005445004|
000000640|000002783010|
000000640|000005445007|
000000640|000002783005|
000000640|000005445002|
000000640|000005445005|
000000640|000005445006|
000000640|000002783013|
000000640|000005445003|
000000640|000005445004|
000000640|000005445008|
000000641|000002782002|
000000641|000002783010|
000000641|000002783009|
000000641|000002781002|
000000641|000002783008|
000000641|000002783013|
000000641|000002780002|
000000641|000002783004|
000000641|000002783021|
000000642|000002783013|
000000642|000002780002|
000000642|000002783004|
000000642|000002783021|
000000642|000002783010|
000000643|000002783005|
000000643|000002783010|
000000643|000002783013|
000000644|000002783005|
000000644|000002773002|
000000644|000002783010|
000000644|000002783014|
000000644|000002783013|
000000645|000002783013|
000000645|000002773002|
000000645|000002783005|
000000645|000002783010|
000000646|000005445008|
000000646|000002779002|
000000646|000002783023|
000000646|000005445009|
000000646|000005445004|
000000646|000002783010|
000000646|000002783014|
000000646|000002783005|
000000646|000005445002|
000000646|000002778002|
000000646|000005445007|
000000646|000002777002|
000000646|000002783022|
000000646|000002783013|
000000646|000005445003|
000000646|000005445005|
000000647|000005445003|
000000647|000005445004|
000000647|000005445005|
000000647|000005445007|
000000647|000002783013|
000000647|000002783005|
000000647|000005445002|
000000647|000002779002|
000000647|000005445008|
000000647|000002783023|
000000647|000002783010|
000000648|000002783013|
000000648|000002783014|
000000648|000002783005|
000000648|000002783010|
000000649|000002783005|
000000649|000002783013|
000000649|000002783010|
000000650|000002783014|
000000650|000002780002|
000000650|000002783013|
000000650|000002781002|
000000650|000002783004|
000000650|000002783010|
000000651|000002783004|
000000651|000002783010|
000000651|000002780002|
000000651|000002781002|
000000651|000002783014|
000000651|000002783013|
000000652|000005445005|
000000652|000002783023|
000000652|000002783012|
000000652|000005445002|
000000652|000002783010|
000000652|000005445003|
000000652|000002783013|
000000652|000005445008|
000000652|000002779002|
000000652|000002783005|
000000652|000002783009|
000000652|000005445004|
000000652|000002783008|
000000652|000005445007|
000000653|000002783010|
000000653|000002783013|
000000654|000002783010|
000000654|000002783013|
000000655|000002783010|
000000655|000002783013|
000000656|000002783024|
000000656|000002783015|
000000656|000002773002|
000000656|000002783020|
000000656|000005445003|
000000656|000002783012|
000000656|000002783013|
000000656|000002783018|
000000656|000002783004|
000000656|000002783017|
000000656|000002783005|
000000656|000002779002|
000000656|000005445002|
000000656|000005445008|
000000657|000002773002|
000000657|000005445002|
000000657|000002779002|
000000657|000002783015|
000000657|000002783004|
000000657|000002783018|
000000657|000002783012|
000000657|000002783005|
000000657|000002783013|
000000657|000005445008|
000000657|000002783017|
000000657|000005445003|
000000658|000002783010|
000000658|000005445004|
000000658|000005445002|
000000658|000002783005|
000000658|000005445003|
000000658|000005445008|
000000658|000002783023|
000000658|000002783016|
000000658|000002783014|
000000658|000002783012|
000000658|000002783013|
000000659|000005445002|
000000659|000002783013|
000000659|000005445007|
000000659|000005445003|
000000659|000005445008|
000000659|000002783012|
000000659|000002779002|
000000659|000002783005|
000000659|000005445004|
000000659|000005445005|
000000659|000002783023|
000000659|000002783014|
000000659|000002783016|
000000659|000002783010|
000000660|000002783005|
000000660|000002773002|
000000660|000005445008|
000000660|000005445003|
000000660|000002783012|
000000660|000002783015|
000000661|000002783015|
000000661|000002783012|
000000661|000005445003|
000000661|000002783005|
000000661|000005445008|
000000661|000002773002|
000000662|000002783005|
000000662|000002783014|
000000662|000002783013|
000000662|000002783010|
000000662|000002783022|
000000663|000002783004|
000000663|000002781002|
000000663|000002783013|
000000664|000002783004|
000000664|000002783013|
000000664|000002783011|
000000665|000002783020|
000000665|000002783024|
000000665|000002783013|
000000665|000002773002|
000000665|000002783015|
000000665|000002783005|
000000666|000002783012|
000000666|000005445008|
000000666|000005445002|
000000666|000002773002|
000000666|000002783015|
000000666|000005445003|
000000666|000002783013|
000000666|000002783004|
000000667|000002783017|
000000667|000002783018|
000000667|000002783012|
000000667|000002783013|
000000667|000002773002|
000000667|000005445008|
000000667|000002783015|
000000667|000002779002|
000000667|000002783004|
000000667|000005445002|
000000667|000005445003|
000000673|000004301007|
000000674|000004301007|
000000675|000004301007|
000000679|000002413025|
000000679|000002413014|
000000679|000003217002|
000000679|000006009002|
000000679|000002413010|
000000679|000002413008|
000000679|000003220002|
000000679|000003214002|
000000679|000003215002|
000000679|000003215003|
000000679|000006009003|
000000679|000002413012|
000000679|000002413019|
000000679|000006009004|
000000680|000004066010|
000000680|000002413004|
000000680|000002413009|
000000680|000002413012|
000000680|000003223002|
000000680|000006009007|
000000680|000002413008|
000000680|000002413006|
000000680|000002413013|
000000680|000006009004|
000000680|000004050002|
000000680|000004066002|
000000681|000006009004|
000000681|000002413025|
000000681|000002413008|
000000681|000006009002|
000000681|000006009003|
000000681|000004066013|
000000681|000003217002|
000000681|000002413012|
000000681|000002413014|
000000681|000002413019|
000000682|000002413010|
000000682|000003215003|
000000682|000006009004|
000000682|000002413014|
000000682|000002413019|
000000682|000006009003|
000000682|000003220002|
000000682|000002413012|
000000682|000006009002|
000000682|000002413025|
000000682|000002413008|
000000682|000003214002|
000000682|000003215002|
000000683|000006009003|
000000683|000002413021|
000000683|000002413014|
000000683|000003214002|
000000683|000002413025|
000000683|000003215002|
000000683|000003220002|
000000683|000004066004|
000000683|000003215003|
000000683|000002413016|
000000683|000002413015|
000000683|000006009002|
000000683|000002413019|
000000684|000002413014|
000000684|000003215003|
000000684|000002413025|
000000684|000006009002|
000000684|000003215002|
000000684|000006009003|
000000684|000003214002|
000000684|000002413016|
000000684|000003220002|
000000684|000002413007|
000000684|000002413015|
000000684|000002413019|
000000685|000002413019|
000000685|000003215002|
000000685|000003215003|
000000685|000002413014|
000000685|000002413021|
000000685|000003214002|
000000685|000006009003|
000000685|000006009002|
000000685|000002413015|
000000685|000002413025|
000000685|000002413016|
000000686|000002413016|
000000686|000004066007|
000000686|000002413021|
000000686|000006009003|
000000686|000002413025|
000000686|000002413015|
000000686|000002413019|
000000686|000006009002|
000000686|000002413014|
000000687|000003214002|
000000687|000003215002|
000000687|000002413014|
000000687|000002413015|
000000687|000004066004|
000000687|000003215003|
000000687|000002413016|
000000687|000006009002|
000000687|000002413019|
000000687|000002413025|
000000687|000006009003|
000000687|000002413021|
000000688|000006009006|
000000688|000002413016|
000000688|000002413021|
000000688|000006009003|
000000688|000003220002|
000000688|000002413019|
000000688|000006009002|
000000688|000002413025|
000000688|000002413014|
000000688|000002413015|
000000690|000004066008|
000000690|000002413017|
000000690|000006009007|
000000690|000002413006|
000000690|000004066002|
000000690|000002413013|
000000690|000002413004|
000000691|000002413006|
000000691|000002413004|
000000691|000004066014|
000000691|000006009007|
000000691|000002413013|
000000691|000004066008|
000000691|000004066002|
000000692|000003214002|
000000692|000002413006|
000000692|000002413013|
000000692|000002413004|
000000692|000004066002|
000000692|000004066012|
000000692|000006009007|
000000692|000003215002|
000000693|000003215002|
000000693|000003214002|
000000693|000006009007|
000000693|000004066002|
000000693|000002413013|
000000693|000004066011|
000000693|000002413004|
000000693|000002413006|
000000694|000002413013|
000000694|000004066002|
000000694|000002413006|
000000694|000002413004|
000000694|000004066006|
000000694|000006009007|
000000695|000003217002|
000000695|000006009007|
000000695|000003218003|
000000695|000002413005|
000000695|000004050002|
000000695|000002413004|
000000695|000002413006|
000000695|000004066002|
000000695|000002413013|
000000695|000003218002|
000000696|000004050002|
000000696|000002413004|
000000696|000002413013|
000000696|000006009007|
000000696|000004066002|
000000696|000003218003|
000000696|000003217002|
000000696|000003218002|
000000696|000002413006|
000000697|000003218003|
000000697|000002413013|
000000697|000002413005|
000000697|000004066003|
000000697|000003217002|
000000697|000004050002|
000000697|000002413004|
000000697|000006009007|
000000697|000004066002|
000000697|000003218002|
000000697|000002413006|
000000698|000002413013|
000000698|000002413004|
000000698|000004066002|
000000698|000002413006|
000000698|000006009007|
000000698|000004066003|
000000698|000004050002|
000000699|000006009007|
000000699|000002413013|
000000699|000002413004|
000000699|000002413006|
000000699|000002413002|
000000699|000004050002|
000000699|000004066002|
000000700|000002413004|
000000700|000004066010|
000000700|000002413006|
000000700|000002413013|
000000700|000004066002|
000000700|000003223002|
000000700|000006009007|
000000700|000002413009|
000000700|000004050002|
000000702|000006009007|
000000702|000002413006|
000000702|000004050002|
000000702|000002413013|
000000702|000002413004|
000000703|000006009007|
000000703|000004050002|
000000703|000002413006|
000000703|000002413004|
000000703|000002413013|
000000704|000002413013|
000000704|000002413004|
000000704|000006009007|
000000704|000004050002|
000000704|000002413006|
000000705|000004050002|
000000705|000006009007|
000000705|000002413006|
000000705|000002413013|
000000705|000002413004|
000000706|000006009007|
000000706|000002413006|
000000706|000002413013|
000000706|000002413004|
000000706|000004050002|
000000707|000006009007|
000000707|000002413004|
000000707|000004050002|
000000707|000002413006|
000000707|000002413013|
000000708|000002413013|
000000708|000002413006|
000000708|000004050002|
000000708|000006009007|
000000708|000002413004|
000000709|000002413013|
000000709|000002413006|
000000709|000006009007|
000000709|000002413004|
000000709|000004050002|
000000710|000006009004|
000000710|000006009002|
000000710|000002413010|
000000710|000006009003|
000000710|000002413014|
000000710|000002413012|
000000711|000006009002|
000000711|000002413014|
000000711|000006009003|
000000712|000006009007|
000000712|000006009004|
000000712|000002413012|
000000712|000002413013|
000000712|000002413004|
000000712|000003223002|
000000712|000004066010|
000000712|000002413009|
000000712|000004066002|
000000712|000002413006|
000000713|000002413012|
000000713|000002413014|
000000713|000002413010|
000000714|000002413014|
000000715|000006009003|
000000715|000002413008|
000000715|000004083003|
000000715|000002413014|
000000716|000006009003|
000000716|000002413008|
000000716|000004083003|
000000716|000002413014|
000000717|000004083003|
000000717|000002413014|
000000717|000006009003|
000000718|000002413014|
000000718|000002413012|
000000718|000004083003|
000000718|000003226002|
000000718|000002413023|
000000718|000004083009|
000000718|000004083008|
000000718|000002413008|
000000718|000002413010|
000000718|000006009003|
000000719|000002413014|
000000719|000002413016|
000000719|000004083009|
000000719|000002413023|
000000719|000002413015|
000000719|000006009003|
000000719|000003226002|
000000720|000002413016|
000000720|000002413014|
000000720|000003226002|
000000720|000004083009|
000000720|000002413015|
000000720|000002413023|
000000720|000006009003|
000000721|000002413013|
000000721|000002413004|
000000721|000004083014|
000000721|000004066002|
000000721|000002413006|
000000722|000004066005|
000000722|000002413015|
000000722|000002413016|
000000722|000006009003|
000000722|000002413014|
000000723|000004066005|
000000723|000004066009|
000000723|000002413014|
000000723|000002413016|
000000723|000002413015|
000000723|000006009003|
000000724|000006009003|
000000724|000002413016|
000000724|000002413014|
000000725|000006009003|
000000725|000004066005|
000000725|000002413014|
000000726|000004083007|
000000726|000002413008|
000000726|000002413014|
000000726|000002413012|
000000726|000006009003|
000000727|000004083005|
000000727|000004066002|
000000727|000003227003|
000000727|000002413013|
000000727|000003227002|
000000727|000002413004|
000000727|000004083004|
000000727|000004083006|
000000727|000002413006|
000000727|000003226002|
000000728|000002413006|
000000728|000006009007|
000000728|000002413004|
000000728|000004066002|
000000728|000002413013|
000000729|000004066002|
000000729|000002413004|
000000729|000002413006|
000000729|000002413013|
000000729|000006009007|
000000730|000002413004|
000000730|000006009007|
000000730|000004066002|
000000730|000002413013|
000000730|000002413006|
000000731|000006009007|
000000731|000002413004|
000000731|000004066002|
000000731|000002413013|
000000731|000002413006|
000000733|000006009007|
000000733|000002413013|
000000733|000002413006|
000000733|000004066002|
000000733|000002413004|
000000735|000002413013|
000000735|000002413004|
000000735|000006009007|
000000735|000004066002|
000000735|000002413006|
000000736|000004066002|
000000736|000002413013|
000000736|000006009007|
000000736|000002413006|
000000736|000002413004|
000000737|000002413006|
000000737|000002413013|
000000737|000006009007|
000000737|000004066002|
000000737|000002413004|
000000738|000002413006|
000000738|000003218003|
000000738|000002413005|
000000738|000002413004|
000000738|000002413013|
000000738|000004066002|
000000738|000003217002|
000000738|000003218002|
000000738|000006009007|
000000738|000004050002|
000000739|000002413006|
000000739|000006009007|
000000739|000002413004|
000000739|000002413013|
000000739|000004066002|
000000740|000002413013|
000000740|000006009007|
000000740|000002413006|
000000740|000004066002|
000000740|000002413004|
000000741|000002413013|
000000741|000002413004|
000000741|000004066002|
000000741|000002413006|
000000741|000006009007|
000000742|000002413006|
000000742|000006009007|
000000742|000002413013|
000000742|000004066002|
000000743|000002413013|
000000743|000004066002|
000000743|000006009007|
000000743|000002413006|
000000744|000006009007|
000000744|000002413004|
000000744|000002413013|
000000744|000004066002|
000000744|000002413006|
000000745|000004066002|
000000745|000002413013|
000000745|000006009007|
000000745|000002413006|
000000746|000002413013|
000000746|000002413006|
000000746|000004066002|
000000746|000006009007|
000000747|000004066002|
000000747|000006009007|
000000747|000002413013|
000000747|000002413006|
000000751|000002413006|
000000751|000002413004|
000000751|000004066002|
000000751|000002413013|
000000751|000006009007|
000000752|000002413006|
000000752|000002413004|
000000752|000002413013|
000000752|000004066002|
000000752|000006009007|
000000753|000002413006|
000000753|000002413004|
000000753|000002413013|
000000753|000006009007|
000000753|000004066002|
000000754|000002413013|
000000754|000002413004|
000000754|000006009007|
000000754|000004066002|
000000754|000002413006|
000000755|000006009007|
000000755|000002413013|
000000755|000002413006|
000000755|000004066002|
000000756|000002413006|
000000756|000002413013|
000000756|000006009007|
000000756|000004066002|
000000757|000002413013|
000000757|000006009007|
000000757|000002413006|
000000757|000004066002|
000000757|000002413004|
000000758|000002413006|
000000758|000006009007|
000000758|000004066002|
000000758|000002413013|
000000759|000004066002|
000000759|000002413004|
000000759|000002413013|
000000759|000002413006|
000000759|000006009007|
000000760|000004066002|
000000760|000002413006|
000000760|000006009007|
000000760|000002413004|
000000760|000002413013|
000000761|000002413006|
000000761|000002413013|
000000761|000006009007|
000000761|000004066002|
000000761|000002413004|
000000762|000004066002|
000000762|000006009007|
000000762|000002413006|
000000762|000002413013|
000000763|000002413013|
000000763|000006009007|
000000763|000002413006|
000000763|000002413004|
000000763|000004050002|
000000764|000004050002|
000000764|000002413004|
000000764|000002413006|
000000764|000002413013|
000000764|000006009007|
000000766|000002413004|
000000766|000002413013|
000000766|000006009007|
000000766|000004050002|
000000766|000002413006|
000000767|000002413006|
000000767|000006009007|
000000767|000004050002|
000000767|000002413013|
000000767|000002413004|
000000768|000002413006|
000000768|000002413013|
000000768|000002413004|
000000768|000004050002|
000000768|000006009007|
000000769|000002413013|
000000769|000004050002|
000000769|000002413004|
000000769|000002413006|
000000769|000006009007|
000000770|000002413004|
000000770|000004050002|
000000770|000002413013|
000000770|000002413006|
000000770|000006009007|
000000771|000004050002|
000000771|000002413006|
000000771|000006009007|
000000771|000002413004|
000000771|000002413013|
000000772|000002413013|
000000772|000006009007|
000000772|000002413004|
000000772|000002413006|
000000772|000004050002|
000000773|000002413006|
000000773|000002413013|
000000773|000004050002|
000000773|000002413004|
000000774|000002413006|
000000774|000004050002|
000000774|000002413004|
000000774|000002413013|
000000775|000006009007|
000000775|000004050002|
000000775|000002413013|
000000775|000002413004|
000000775|000002413006|
000000776|000002413013|
000000776|000004050002|
000000776|000002413006|
000000776|000006009007|
000000776|000002413004|
000000777|000002413006|
000000777|000004050002|
000000777|000002413013|
000000777|000002413004|
000000777|000006009007|
000000778|000002413004|
000000778|000006009007|
000000778|000002413006|
000000778|000002413013|
000000778|000004066002|
000000779|000002413013|
000000779|000004066002|
000000779|000002413004|
000000779|000004083004|
000000779|000004083005|
000000779|000002413006|
000000780|000004083005|
000000780|000004066002|
000000780|000002413013|
000000780|000002413006|
000000780|000004083004|
000000780|000002413004|
000000781|000004083005|
000000781|000002413004|
000000781|000002413006|
000000781|000004066002|
000000781|000002413013|
000000781|000004083004|
000000782|000002413006|
000000782|000002413013|
000000782|000004066002|
000000782|000002413004|
000000782|000004083005|
000000782|000004083004|
000000783|000002413013|
000000783|000004083004|
000000783|000004083005|
000000783|000002413004|
000000783|000004066002|
000000783|000002413006|
000000784|000002413013|
000000784|000004066002|
000000784|000002413006|
000000784|000004083004|
000000784|000004083005|
000000784|000002413004|
000000838|000005432005|
000000838|000002343010|
000000838|000002343008|
000000838|000002343012|
000000838|000002343034|
000000838|000002343024|
000000838|000005432004|
000000838|000002336002|
000000839|000002343008|
000000839|000002343013|
000000839|000002343014|
000000839|000002343012|
000000839|000003196002|
000000839|000005432004|
000000839|000002343010|
000000839|000003200003|
000000839|000002343024|
000000839|000003199002|
000000839|000005432005|
000000839|000002336002|
000000840|000005432004|
000000840|000002336002|
000000840|000002343012|
000000840|000005432005|
000000840|000002343014|
000000840|000002343008|
000000840|000002343024|
000000840|000002343013|
000000840|000002343010|
000000841|000002343034|
000000841|000002343007|
000000841|000005432005|
000000841|000005432004|
000000841|000005432002|
000000841|000002336002|
000000841|000003199002|
000000841|000005432003|
000000841|000002340002|
000000841|000003200002|
000000841|000003200003|
000000842|000002336002|
000000842|000003200002|
000000842|000003199002|
000000842|000003200003|
000000842|000002340002|
000000842|000005432004|
000000842|000005432005|
000000842|000002343007|
000000842|000005432002|
000000842|000005432003|
000000842|000002342002|
000000843|000002341002|
000000843|000005432004|
000000843|000002343005|
000000843|000005432005|
000000843|000002343002|
000000843|000002343024|
000000844|000002343028|
000000844|000005432005|
000000844|000005432004|
000000844|000002336002|
000000844|000002343002|
000000844|000002343024|
000000844|000002343005|
000000844|000002341002|
000000845|000003197002|
000000845|000002343024|
000000845|000002336002|
000000845|000003196002|
000000845|000003197003|
000000845|000002343023|
000000845|000005432003|
000000845|000002343017|
000000845|000005432002|
000000845|000002343028|
000000845|000002343019|
000000845|000005432005|
000000845|000002343011|
000000845|000005432004|
000000845|000002343009|
000000846|000002343010|
000000846|000002343024|
000000846|000005432004|
000000846|000002343008|
000000846|000002336002|
000000846|000002343013|
000000846|000005432005|
000000846|000003196002|
000000846|000002343012|
000000846|000002343014|
000000846|000003197002|
000000847|000005432003|
000000847|000005432002|
000000847|000003199002|
000000847|000002336002|
000000847|000005432004|
000000847|000005432005|
000000847|000002342002|
000000848|000002342002|
000000848|000005679004|
000000848|000005679003|
000000848|000002341002|
000000848|000002343033|
000000848|000002343032|
000000848|000002343006|
000000848|000002343034|
000000848|000005679005|
000000848|000002343027|
000000848|000002343015|
000000848|000002336002|
000000848|000005679002|
000000848|000002343028|
000000848|000002343016|
000000849|000002341002|
000000849|000002343034|
000000849|000002343015|
000000849|000002343032|
000000849|000002343028|
000000849|000005679005|
000000849|000002343016|
000000849|000002336002|
000000849|000005679004|
000000849|000005435002|
000000849|000002342002|
000000849|000002343027|
000000849|000002343006|
000000849|000005679003|
000000849|000005679002|
000000850|000002343027|
000000850|000005679003|
000000850|000002341002|
000000850|000005679005|
000000850|000002343016|
000000850|000005679002|
000000850|000002343006|
000000850|000002343028|
000000850|000002343015|
000000850|000002343004|
000000850|000002343020|
000000850|000005679004|
000000850|000002336002|
000000851|000002343016|
000000851|000005679003|
000000851|000005679002|
000000851|000002343006|
000000851|000002343004|
000000851|000005679005|
000000851|000002341002|
000000851|000002343020|
000000851|000002343015|
000000851|000005679004|
000000852|000002343006|
000000852|000002343011|
000000852|000005679003|
000000852|000002343019|
000000852|000002343003|
000000852|000002343009|
000000852|000002336002|
000000852|000002343023|
000000853|000002343006|
000000853|000002343032|
000000853|000002343027|
000000853|000002336002|
000000853|000002343019|
000000853|000002343011|
000000853|000005679003|
000000853|000002343003|
000000853|000002343023|
000000853|000002343009|
000000854|000002343009|
000000854|000002343006|
000000854|000002343019|
000000854|000002343031|
000000854|000002343011|
000000854|000002336002|
000000854|000005679003|
000000855|000002848012|
000000855|000002848011|
000000855|000002848015|
000000855|000002848021|
000000855|000002848019|
000000855|000002848004|
000000855|000002848017|
000000855|000002848008|
000000855|000002848013|
000000855|000002848003|
000000855|000004194015|
000000855|000002848018|
000000855|000002848006|
000000855|000002848016|
000000855|000002848007|
000000855|000002848014|
000000855|000002848020|
000000856|000002848011|
000000856|000002848006|
000000856|000002848018|
000000856|000004194002|
000000856|000002848004|
000000856|000002848017|
000000856|000002848019|
000000856|000002848008|
000000856|000002848020|
000000856|000002848021|
000000856|000002848016|
000000856|000002848013|
000000856|000002848014|
000000856|000002848007|
000000856|000002848003|
000000856|000002848012|
000000856|000002848015|
000000857|000002848013|
000000857|000002848007|
000000857|000002848004|
000000857|000002848018|
000000857|000002848017|
000000857|000002848008|
000000857|000002848012|
000000857|000002848021|
000000857|000002848014|
000000857|000002848016|
000000857|000002848003|
000000857|000002848019|
000000857|000004194011|
000000857|000002848020|
000000857|000002848011|
000000857|000002848015|
000000857|000002848006|
000000858|000002848008|
000000858|000002848012|
000000858|000002848003|
000000858|000002848013|
000000858|000002848016|
000000858|000002848014|
000000858|000002848021|
000000858|000002848020|
000000858|000002848015|
000000858|000002848019|
000000858|000002848011|
000000858|000002848017|
000000858|000004194013|
000000858|000002848004|
000000858|000002848006|
000000858|000002848018|
000000858|000002848007|
000000859|000002848011|
000000859|000002848020|
000000859|000002848003|
000000859|000002848016|
000000859|000002848013|
000000859|000002848021|
000000859|000002848007|
000000859|000002848004|
000000859|000002848017|
000000859|000004194014|
000000859|000002848008|
000000859|000002848012|
000000859|000002848019|
000000859|000002848006|
000000859|000002848018|
000000860|000002848013|
000000860|000002848004|
000000860|000002848018|
000000860|000002848012|
000000860|000002848011|
000000860|000002848019|
000000860|000002848006|
000000860|000002848017|
000000861|000002848012|
000000861|000002848006|
000000861|000002848018|
000000861|000002848004|
000000861|000002848011|
000000861|000002848017|
000000861|000002848019|
000000861|000002848013|
000000862|000002848004|
000000862|000002848006|
000000862|000002848011|
000000862|000002848018|
000000862|000002848012|
000000862|000002848019|
000000862|000002848013|
000000862|000002848017|
000000863|000002848006|
000000863|000002848019|
000000863|000002848013|
000000863|000002848017|
000000863|000002848011|
000000863|000002848012|
000000863|000002848004|
000000863|000002848018|
000000864|000002848013|
000000864|000002848019|
000000864|000002848012|
000000864|000002848006|
000000864|000002848004|
000000864|000002848011|
000000864|000002848018|
000000864|000002848017|
000000865|000002848008|
000000865|000002848007|
000000865|000002848004|
000000865|000002848018|
000000865|000002848021|
000000865|000002848012|
000000865|000002848019|
000000865|000002848017|
000000865|000002848006|
000000865|000002848011|
000000865|000002848014|
000000865|000002848013|
000000865|000002848003|
000000865|000002848016|
000000866|000002848006|
000000866|000002848004|
000000866|000002848003|
000000866|000002848007|
000000866|000002848011|
000000866|000002848008|
000000866|000002848018|
000000866|000002848014|
000000866|000002848017|
000000866|000002848019|
000000866|000002848021|
000000866|000002848016|
000000866|000002848013|
000000866|000002848012|
000000870|000003170002|
000000870|000003170003|
000000870|000003170010|
000000870|000003170011|
000000871|000003170002|
000000871|000003170003|
000000871|000003170005|
000000871|000003170004|
000000872|000003170009|
000000872|000003170008|
000000872|000003170002|
000000872|000003170003|
000000873|000003170007|
000000873|000003170006|
000000873|000003170002|
000000873|000003170003|
000000874|000003844002|
000000874|000003844007|
000000874|000003844003|
000000874|000003844004|
000000875|000003844003|
000000875|000003844004|
000000875|000003844002|
000000876|000003844003|
000000876|000003844004|
000000876|000003844002|
000000876|000003844007|
000000877|000003844004|
000000877|000003844005|
000000877|000003844003|
000000877|000003844002|
000000877|000003844007|
000000878|000003844005|
000000878|000003844007|
000000878|000003844002|
000000878|000003844003|
000000878|000003844004|
000000879|000003844007|
000000880|000003844007|
000000882|000002576002|
000000882|000006196002|
000000882|000002576019|
000000882|000002576030|
000000882|000002576021|
000000882|000002576032|
000000882|000002576006|
000000882|000002576007|
000000882|000002576026|
000000882|000002576027|
000000882|000002576004|
000000882|000002576020|
000000882|000006192002|
000000883|000006192002|
000000883|000002576006|
000000883|000002576020|
000000883|000002576011|
000000883|000002576018|
000000883|000002576021|
000000883|000002576013|
000000883|000006196002|
000000883|000002576027|
000000883|000002576019|
000000883|000002576007|
000000884|000002576013|
000000884|000002576012|
000000884|000002576019|
000000884|000002576006|
000000884|000002576021|
000000884|000002576031|
000000884|000002576007|
000000884|000002576020|
000000889|000002413014|
000000889|000006009005|
000000889|000004066015|
000000889|000006009003|
000000889|000002413008|
000000890|000006009005|
000000890|000006009003|
000000890|000004066015|
000000890|000002413016|
000000890|000002413014|
000000891|000002413014|
000000891|000002413008|
000000891|000006009003|
000000892|000003076006|
000000892|000003076014|
000000892|000003076016|
000000894|000003076010|
000000894|000003076006|
000000894|000003076032|
000000895|000003076010|
000000895|000003076006|
000000896|000003076005|
000000896|000003076006|
000000896|000003076010|
000000897|000003076028|
000000897|000003076026|
000000897|000003076006|
000000897|000003076002|
000000898|000003076002|
000000898|000003076006|
000000898|000003076013|
000000898|000003076017|
000000899|000003062002|
000000899|000006926005|
000000899|000005683006|
000000899|000003076002|
000000899|000006926008|
000000899|000003076013|
000000899|000003060002|
000000899|000003076007|
000000899|000003076014|
000000899|000003063002|
000000899|000003059002|
000000899|000003076016|
000000899|000006926009|
000000899|000003061002|
000000899|000005683007|
000000899|000003076006|
000000900|000006926005|
000000900|000003076013|
000000900|000003063002|
000000900|000006926008|
000000900|000003076014|
000000900|000003076016|
000000900|000003059002|
000000900|000003076007|
000000900|000006926009|
000000900|000003076006|
000000900|000003061002|
000000900|000005683007|
000000900|000005683006|
000000901|000003076006|
000000901|000003076007|
000000901|000003076014|
000000901|000003076016|
000000901|000003076010|
000000901|000003076013|
000000902|000003076006|
000000902|000003076014|
000000902|000003076007|
000000902|000003076008|
000000902|000003076016|
000000902|000003076013|
000000902|000003076023|
000000903|000005683006|
000000903|000005683008|
000000903|000003076006|
000000903|000003076015|
000000903|000006926009|
000000903|000003063002|
000000903|000003061002|
000000903|000006926004|
000000903|000003060002|
000000903|000003076020|
000000903|000003076023|
000000903|000003076002|
000000903|000003076010|
000000903|000006926008|
000000903|000006926007|
000000903|000005683007|
000000903|000003076027|
000000903|000003076031|
000000903|000003076029|
000000904|000006926009|
000000904|000003060002|
000000904|000005683008|
000000904|000003076017|
000000904|000003076019|
000000904|000003061002|
000000904|000005683007|
000000904|000003076023|
000000904|000003076027|
000000904|000003076010|
000000904|000006926007|
000000904|000003076031|
000000904|000006926008|
000000904|000003063002|
000000904|000003062002|
000000904|000005683006|
000000904|000003076015|
000000904|000003076006|
000000904|000003076002|
000000905|000003076031|
000000905|000005683006|
000000905|000006926007|
000000905|000003076002|
000000905|000003076004|
000000905|000003063002|
000000905|000003076010|
000000905|000003076023|
000000905|000006926008|
000000905|000005683008|
000000905|000003061002|
000000905|000006926004|
000000905|000003076027|
000000905|000003076006|
000000905|000003060002|
000000905|000005683007|
000000905|000003076015|
000000905|000006926009|
000000905|000003076029|
000000907|000005683008|
000000907|000005683006|
000000907|000006926002|
000000907|000003076010|
000000907|000003061002|
000000907|000006926007|
000000907|000005683007|
000000907|000003062002|
000000907|000006926008|
000000907|000003076006|
000000907|000006926009|
000000907|000003076021|
000000907|000003076023|
000000908|000003076006|
000000908|000005683007|
000000908|000003076027|
000000908|000003076023|
000000908|000006926009|
000000908|000006926008|
000000908|000003076015|
000000908|000003060002|
000000908|000003063002|
000000908|000003076031|
000000908|000006926007|
000000908|000003076010|
000000908|000003061002|
000000908|000006926004|
000000908|000003076002|
000000908|000005683006|
000000908|000005683008|
000000909|000005683008|
000000909|000003061002|
000000909|000003076010|
000000909|000003063002|
000000909|000003076031|
000000909|000006926007|
000000909|000003076029|
000000909|000003076002|
000000909|000005683007|
000000909|000003060002|
000000909|000003076006|
000000909|000005683006|
000000909|000003076015|
000000909|000006926008|
000000909|000006926009|
000000909|000003076027|
000000909|000003076023|
000000910|000003076033|
000000910|000003076006|
000000910|000003063002|
000000910|000006926006|
000000910|000003076030|
000000910|000005683004|
000000910|000003061002|
000000910|000006926004|
000000911|000005683004|
000000911|000006926004|
000000911|000003076002|
000000911|000003076006|
000000911|000003076009|
000000911|000003063002|
000000911|000003076030|
000000911|000003060002|
000000911|000003076033|
000000911|000003061002|
000000911|000006926006|
000000912|000003061002|
000000912|000003076022|
000000912|000003076030|
000000912|000005683004|
000000912|000003076033|
000000912|000003063002|
000000912|000003076006|
000000912|000006926004|
000000924|000002235025|
000000924|000002235008|
000000924|000003269002|
000000924|000003298002|
000000924|000002235016|
000000924|000002235006|
000000924|000003266002|
000000924|000002235015|
000000924|000002235007|
000000925|000003269002|
000000925|000002235010|
000000925|000002235006|
000000925|000002235007|
000000926|000003284002|
000000927|000003284002|
000000928|000004296004|
000000928|000004296006|
000000928|000004296005|
000000928|000002235006|
000000928|000002235007|
000000928|000004296003|
000000928|000004296007|
000000929|000004296006|
000000929|000003831004|
000000929|000002235002|
000000929|000003269002|
000000929|000004296005|
000000929|000002235003|
000000929|000003830003|
000000929|000002235023|
000000929|000003828006|
000000929|000002235007|
000000929|000003828003|
000000929|000003828009|
000000929|000002235024|
000000929|000004296008|
000000929|000003830004|
000000929|000003829008|
000000929|000003299006|
000000929|000002235006|
000000929|000004296004|
000000929|000002235025|
000000929|000003831003|
000000929|000003830002|
000000929|000003828002|
000000929|000002235016|
000000929|000003827007|
000000929|000004296003|
000000929|000002235020|
000000929|000003299007|
000000929|000003827002|
000000929|000003829006|
000000929|000003826002|
000000929|000003298002|
000000929|000003831008|
000000929|000003826007|
000000929|000004296007|
000000929|000003298005|
000000929|000003830007|
000000929|000002235008|
000000929|000002235019|
000000929|000002235015|
000000930|000003831008|
000000930|000002235015|
000000930|000003269002|
000000930|000003826007|
000000930|000003827007|
000000930|000003830002|
000000930|000002235023|
000000930|000003831003|
000000930|000002235008|
000000930|000002235006|
000000930|000002235002|
000000930|000003298005|
000000930|000002235024|
000000930|000003830007|
000000930|000003831004|
000000930|000002235003|
000000930|000004296005|
000000930|000003830003|
000000930|000002235019|
000000930|000003828006|
000000930|000003829006|
000000930|000004296003|
000000930|000003829008|
000000930|000002235020|
000000930|000003266002|
000000930|000003830004|
000000930|000004296008|
000000930|000002235025|
000000930|000003828009|
000000930|000003299007|
000000930|000003831005|
000000930|000003828002|
000000930|000003299006|
000000930|000003826002|
000000930|000002235016|
000000930|000004296004|
000000930|000003827002|
000000930|000003828003|
000000930|000004296006|
000000930|000003298002|
000000930|000004296007|
000000930|000002235007|
000000931|000003829006|
000000931|000002235020|
000000931|000003298002|
000000931|000002235003|
000000931|000002235015|
000000931|000003830004|
000000931|000004296008|
000000931|000002235025|
000000931|000002235008|
000000931|000003830002|
000000931|000003828009|
000000931|000003831008|
000000931|000003830007|
000000931|000002235006|
000000931|000003298005|
000000931|000003826002|
000000931|000003831004|
000000931|000002235007|
000000931|000002235016|
000000931|000003826007|
000000931|000003269002|
000000931|000002235002|
000000932|000004296008|
000000932|000003276002|
000000932|000003828009|
000000932|000003831004|
000000932|000002235002|
000000932|000003830004|
000000932|000003830002|
000000932|000003830007|
000000932|000002235003|
000000932|000003826007|
000000932|000003298005|
000000932|000003826002|
000000932|000003829006|
000000932|000002235020|
000000932|000003269002|
000000933|000003830002|
000000933|000003830007|
000000933|000003826007|
000000933|000003276002|
000000933|000003826002|
000000933|000003831004|
000000933|000003829006|
000000933|000002235020|
000000933|000003269002|
000000933|000002235002|
000000933|000002235003|
000000933|000003298005|
000000933|000003830004|
000000933|000003828009|
000000933|000004296008|
000000934|000003826002|
000000934|000003276002|
000000934|000003830002|
000000934|000003830007|
000000934|000003828009|
000000934|000003298005|
000000934|000002235003|
000000934|000003831004|
000000934|000004296008|
000000934|000002235002|
000000934|000003829006|
000000934|000002235020|
000000934|000003269002|
000000934|000003826007|
000000934|000003830004|
000000935|000003828009|
000000935|000003269002|
000000935|000002235003|
000000935|000003831004|
000000935|000003298005|
000000935|000003830004|
000000935|000002235020|
000000935|000003826002|
000000935|000004296008|
000000935|000003826007|
000000935|000003830007|
000000935|000002235002|
000000935|000003830002|
000000935|000003276002|
000000935|000003829006|
000000936|000003830004|
000000936|000003828003|
000000936|000003298009|
000000936|000004296003|
000000936|000002235003|
000000936|000003829008|
000000936|000003826004|
000000936|000002235007|
000000936|000003828002|
000000936|000003272002|
000000936|000003299007|
000000936|000003830003|
000000936|000003299006|
000000936|000004296007|
000000936|000002235020|
000000936|000002235019|
000000936|000002235016|
000000936|000003830007|
000000936|000003826002|
000000936|000002235023|
000000936|000003827007|
000000936|000003829006|
000000936|000004296004|
000000936|000003826007|
000000936|000003831008|
000000936|000003275002|
000000936|000002235002|
000000936|000003298005|
000000936|000003298002|
000000936|000002235006|
000000936|000003273003|
000000936|000003830002|
000000936|000004296005|
000000936|000002235025|
000000936|000002235024|
000000936|000003831003|
000000936|000002235015|
000000936|000003831004|
000000936|000003828009|
000000936|000003827002|
000000936|000003828006|
000000936|000004296006|
000000936|000004296008|
000000936|000002235008|
000000937|000002235020|
000000937|000003830004|
000000937|000003276002|
000000937|000003826002|
000000937|000003298005|
000000937|000003829006|
000000937|000004296008|
000000937|000002235003|
000000937|000003826007|
000000937|000003828009|
000000937|000003830007|
000000937|000003831004|
000000937|000003830002|
000000938|000002235011|
000000938|000002235010|
000000938|000004296003|
000000938|000003831008|
000000938|000002235016|
000000938|000003830002|
000000938|000002235006|
000000938|000003828002|
000000938|000003826003|
000000938|000003831003|
000000938|000002235003|
000000938|000003831004|
000000938|000003284002|
000000938|000003828009|
000000938|000002235023|
000000938|000004296004|
000000938|000003826007|
000000938|000002235019|
000000938|000004296005|
000000938|000003828006|
000000938|000004296006|
000000938|000003830007|
000000938|000003830003|
000000938|000003829006|
000000938|000003828003|
000000938|000002235007|
000000938|000003298002|
000000938|000003299007|
000000938|000003829008|
000000938|000002235015|
000000938|000004296007|
000000938|000003298005|
000000938|000003830004|
000000938|000003298009|
000000938|000003826002|
000000938|000004296008|
000000938|000003827002|
000000938|000002235024|
000000938|000002235020|
000000938|000003299006|
000000938|000002235025|
000000938|000002235002|
000000938|000002235008|
000000938|000003827007|
000000939|000003828006|
000000939|000003299006|
000000939|000003266002|
000000939|000003826003|
000000939|000002235010|
000000939|000002235016|
000000939|000004296006|
000000939|000004296005|
000000939|000003298002|
000000939|000003829006|
000000939|000003831005|
000000939|000002235011|
000000939|000003298005|
000000939|000003830004|
000000939|000003826002|
000000939|000002235015|
000000939|000003830003|
000000939|000003831004|
000000939|000002235008|
000000939|000002235019|
000000939|000003828009|
000000939|000003827002|
000000939|000002235003|
000000939|000003827007|
000000939|000004296004|
000000939|000002235020|
000000939|000002235002|
000000939|000003828002|
000000939|000004296007|
000000939|000002235023|
000000939|000003826007|
000000939|000002235024|
000000939|000003830002|
000000939|000003299007|
000000939|000003831003|
000000939|000003831008|
000000939|000003830007|
000000939|000002235025|
000000939|000004296003|
000000939|000004296008|
000000939|000002235006|
000000939|000003298009|
000000939|000003828003|
000000939|000003829008|
000000939|000002235007|
000000940|000004296008|
000000940|000003831004|
000000940|000002235008|
000000940|000002235011|
000000940|000002235010|
000000940|000003298009|
000000940|000002235015|
000000940|000003826007|
000000940|000002235016|
000000940|000002235007|
000000940|000003298002|
000000940|000003829006|
000000940|000003826003|
000000940|000002235003|
000000940|000003830007|
000000940|000003828009|
000000940|000002235006|
000000940|000003826002|
000000940|000003831008|
000000940|000003298005|
000000940|000002235020|
000000940|000002235002|
000000940|000003830004|
000000940|000003830002|
000000940|000002235025|
000000941|000003298009|
000000941|000002235011|
000000941|000003830002|
000000941|000003826007|
000000941|000002235003|
000000941|000002235002|
000000941|000003826002|
000000941|000003830007|
000000941|000003826003|
000000941|000003298005|
000000941|000003828009|
000000941|000003276002|
000000941|000002235020|
000000941|000004296008|
000000941|000002235010|
000000941|000003829006|
000000941|000003831004|
000000941|000003830004|
000000942|000003826003|
000000942|000003276002|
000000942|000003831004|
000000942|000004296008|
000000942|000003826007|
000000942|000003828009|
000000942|000003829006|
000000942|000002235010|
000000942|000002235003|
000000942|000002235020|
000000942|000003830007|
000000942|000003826002|
000000942|000003830004|
000000942|000003298009|
000000942|000002235002|
000000942|000003298005|
000000942|000003830002|
000000943|000003298005|
000000943|000003276002|
000000943|000002235003|
000000943|000004296008|
000000943|000002235020|
000000943|000002235010|
000000943|000003828009|
000000943|000003298009|
000000943|000003829006|
000000943|000003826002|
000000943|000003831004|
000000943|000002235002|
000000943|000003830002|
000000943|000003830004|
000000943|000003826003|
000000943|000003830007|
000000943|000003826007|
000000944|000003830004|
000000944|000003830003|
000000944|000003831003|
000000944|000003827007|
000000944|000003829008|
000000944|000003826002|
000000944|000003830002|
000000944|000002235024|
000000944|000003829006|
000000944|000003828003|
000000944|000003831004|
000000944|000003827002|
000000944|000003826007|
000000944|000004296004|
000000944|000002235006|
000000944|000003828009|
000000944|000002235008|
000000944|000002235025|
000000944|000003278002|
000000944|000002235003|
000000944|000002235020|
000000944|000004296008|
000000944|000004296003|
000000944|000003831008|
000000944|000002235023|
000000944|000003299007|
000000944|000002235015|
000000944|000003298002|
000000944|000003269002|
000000944|000002235019|
000000944|000002235002|
000000944|000002235016|
000000944|000004296007|
000000944|000003299006|
000000944|000002235007|
000000944|000004296005|
000000944|000003298005|
000000944|000003828006|
000000944|000003828002|
000000944|000003830007|
000000944|000004296006|
000000945|000003828006|
000000945|000003299002|
000000945|000004296004|
000000945|000002235007|
000000945|000003828002|
000000945|000002235023|
000000945|000003829008|
000000945|000002235024|
000000945|000004296005|
000000945|000002235016|
000000945|000003829006|
000000945|000003299006|
000000945|000003831008|
000000945|000003827002|
000000945|000003830003|
000000945|000003830007|
000000945|000003299007|
000000945|000004296007|
000000945|000003298002|
000000945|000002235019|
000000945|000003830002|
000000945|000003827007|
000000945|000002235017|
000000945|000004296003|
000000945|000003828003|
000000945|000002235025|
000000945|000003831003|
000000945|000002235015|
000000945|000004296006|
000000945|000002235008|
000000946|000003827007|
000000946|000003831003|
000000946|000002235012|
000000946|000002235024|
000000946|000003273003|
000000946|000002235025|
000000946|000003827002|
000000946|000003299007|
000000946|000002235015|
000000946|000003828003|
000000946|000003828002|
000000946|000003298002|
000000946|000003273002|
000000946|000003299006|
000000946|000003829008|
000000946|000003830003|
000000946|000002235007|
000000946|000003272002|
000000946|000002235023|
000000946|000003828006|
000000946|000004296007|
000000946|000002235019|
000000946|000002235008|
000000946|000002235016|
000000947|000003828003|
000000947|000002235023|
000000947|000004296007|
000000947|000003827007|
000000947|000002235016|
000000947|000004296004|
000000947|000004296005|
000000947|000003829008|
000000947|000002235024|
000000947|000003830003|
000000947|000003828006|
000000947|000004296003|
000000947|000003266002|
000000947|000003831005|
000000947|000003828002|
000000947|000004296006|
000000947|000002235019|
000000947|000003831008|
000000947|000002235007|
000000947|000003830007|
000000947|000003829006|
000000947|000003299007|
000000947|000003831003|
000000947|000003298002|
000000947|000002235015|
000000947|000003827002|
000000947|000003299006|
000000947|000002235008|
000000947|000003830002|
000000947|000002235025|
000000948|000002235023|
000000948|000003299006|
000000948|000003299007|
000000948|000003831008|
000000948|000002235025|
000000948|000004296005|
000000948|000003830003|
000000948|000003830002|
000000948|000003828006|
000000948|000003298002|
000000948|000002235024|
000000948|000002235007|
000000948|000003829006|
000000948|000004296004|
000000948|000003827002|
000000948|000003829008|
000000948|000003828003|
000000948|000003830007|
000000948|000003827007|
000000948|000003831003|
000000948|000004296003|
000000948|000004296007|
000000948|000002235019|
000000948|000003828002|
000000948|000004296006|
000000948|000002235016|
000000949|000003828002|
000000949|000003826003|
000000949|000003831003|
000000949|000003828006|
000000949|000004296006|
000000949|000003828003|
000000949|000004296003|
000000949|000003830003|
000000949|000003827007|
000000949|000003829008|
000000949|000002235019|
000000949|000004296005|
000000949|000003298002|
000000949|000002235023|
000000949|000004296007|
000000949|000003831008|
000000949|000003299006|
000000949|000004296004|
000000949|000003299007|
000000949|000003830007|
000000949|000002235025|
000000949|000003830002|
000000949|000002235011|
000000949|000003827002|
000000949|000002235007|
000000949|000002235010|
000000949|000002235024|
000000949|000003829006|
000000950|000003830007|
000000950|000002235007|
000000950|000003828003|
000000950|000003831008|
000000950|000004296003|
000000950|000002235019|
000000950|000003827007|
000000950|000003299006|
000000950|000002235023|
000000950|000004296007|
000000950|000003829006|
000000950|000003298002|
000000950|000003299007|
000000950|000002235025|
000000950|000004296004|
000000950|000002235008|
000000950|000003830002|
000000950|000003827002|
000000950|000004296006|
000000950|000003830003|
000000950|000003829008|
000000950|000002235024|
000000950|000003828002|
000000950|000003831003|
000000950|000004296005|
000000950|000003828006|
000000951|000003299006|
000000951|000002235024|
000000951|000003829006|
000000951|000003828003|
000000951|000004296003|
000000951|000002235015|
000000951|000002235023|
000000951|000004296007|
000000951|000003827007|
000000951|000002235019|
000000951|000004296004|
000000951|000003829008|
000000951|000002235025|
000000951|000003299007|
000000951|000004296006|
000000951|000004296005|
000000951|000003827002|
000000951|000003830007|
000000951|000003831008|
000000951|000003828006|
000000951|000003831003|
000000951|000003828002|
000000951|000003298002|
000000951|000003830002|
000000951|000002235007|
000000951|000003830006|
000000951|000003830003|
000000952|000004296005|
000000952|000003828002|
000000952|000002235015|
000000952|000003831003|
000000952|000003828003|
000000952|000004296007|
000000952|000003829008|
000000952|000003827002|
000000952|000002235019|
000000952|000002235017|
000000952|000002235024|
000000952|000002235008|
000000952|000002235016|
000000952|000003828006|
000000952|000004296003|
000000952|000003830002|
000000952|000003298002|
000000952|000003829006|
000000952|000003830007|
000000952|000004296006|
000000952|000002235025|
000000952|000004296004|
000000952|000003299006|
000000952|000002235023|
000000952|000003830003|
000000952|000003831008|
000000952|000003827007|
000000952|000003299007|
000000952|000002235007|
000000953|000004296006|
000000953|000003830007|
000000953|000004296007|
000000953|000003830003|
000000953|000003299007|
000000953|000002235019|
000000953|000003828006|
000000953|000003831008|
000000953|000003826006|
000000953|000003827007|
000000953|000002235024|
000000953|000002235008|
000000953|000003275002|
000000953|000003829008|
000000953|000003829006|
000000953|000003827002|
000000953|000003828003|
000000953|000003298002|
000000953|000004296004|
000000953|000003299006|
000000953|000003276002|
000000953|000004296003|
000000953|000002235016|
000000953|000003830002|
000000953|000004296005|
000000953|000003828002|
000000953|000003831003|
000000953|000003276003|
000000953|000002235025|
000000953|000002235023|
000000953|000002235007|
000000954|000002235018|
000000954|000002235005|
000000954|000003829006|
000000954|000003829005|
000000955|000003828006|
000000955|000002235007|
000000955|000003829006|
000000955|000003276002|
000000955|000003828002|
000000955|000003299006|
000000955|000003829007|
000000955|000003827007|
000000955|000003830003|
000000955|000004296003|
000000955|000003299007|
000000955|000003830007|
000000955|000002235023|
000000955|000002235019|
000000955|000003298002|
000000955|000003828003|
000000955|000002235016|
000000955|000003830002|
000000955|000002235025|
000000955|000004296006|
000000955|000003827002|
000000955|000004296005|
000000955|000004296004|
000000955|000003831008|
000000955|000003829008|
000000955|000002235024|
000000955|000004296007|
000000955|000003831003|
000000955|000002235008|
000000956|000002235005|
000000956|000003829005|
000000956|000003829006|
000000956|000003284002|
000000957|000003298002|
000000957|000002235007|
000000957|000002235016|
000000957|000003830007|
000000957|000002235025|
000000957|000003830002|
000000957|000002235015|
000000957|000003831008|
000000957|000003829006|
000000957|000002235008|
000000958|000003830007|
000000958|000003831008|
000000958|000003298002|
000000958|000003828002|
000000958|000003827002|
000000958|000004296003|
000000958|000002235008|
000000958|000003828003|
000000958|000004296004|
000000958|000002235023|
000000958|000004296006|
000000958|000002235019|
000000958|000003829006|
000000958|000003281002|
000000958|000004296005|
000000958|000002235015|
000000958|000003827008|
000000958|000003830002|
000000958|000003830003|
000000958|000003299007|
000000958|000004296007|
000000958|000003828006|
000000958|000003831003|
000000958|000003829008|
000000958|000003827007|
000000958|000002235007|
000000958|000003299006|
000000958|000002235016|
000000958|000002235024|
000000958|000002235025|
000000959|000003831008|
000000959|000004296004|
000000959|000002235025|
000000959|000002235019|
000000959|000003827007|
000000959|000002235023|
000000959|000003828002|
000000959|000003299007|
000000959|000002235007|
000000959|000002235024|
000000959|000003299006|
000000959|000004296005|
000000959|000003827008|
000000959|000003831003|
000000959|000003830003|
000000959|000003827002|
000000959|000002235016|
000000959|000003828006|
000000959|000003830002|
000000959|000003298002|
000000959|000003829008|
000000959|000003276002|
000000959|000002235008|
000000959|000004296003|
000000959|000003281002|
000000959|000003829006|
000000959|000004296007|
000000959|000004296006|
000000959|000003830007|
000000959|000003828003|
000000960|000003829006|
000000960|000003830007|
000000960|000003830002|
000000961|000003299004|
000000961|000003276002|
000000961|000003279002|
000000961|000003829005|
000000961|000003279003|
000000961|000002235009|
000000961|000002235005|
000000961|000003829006|
000000961|000003278002|
000000962|000003829006|
000000962|000003829005|
000000962|000002235005|
000000963|000002235014|
000000963|000003829006|
000000963|000002235005|
000000963|000003829005|
000000964|000002235005|
000000964|000002235013|
000000964|000003829006|
000000964|000003829005|
000000965|000003827007|
000000965|000002235007|
000000965|000003829008|
000000965|000004296007|
000000965|000003831008|
000000965|000002235025|
000000965|000003269002|
000000965|000003828002|
000000965|000003276002|
000000965|000004296006|
000000965|000003828006|
000000965|000004296003|
000000965|000003830003|
000000965|000003829007|
000000965|000003831003|
000000965|000003830007|
000000965|000002235019|
000000965|000003827002|
000000965|000003830002|
000000965|000002235023|
000000965|000004296005|
000000965|000003299007|
000000965|000003299006|
000000965|000003298002|
000000965|000002235024|
000000965|000003828003|
000000965|000003829006|
000000965|000004296004|
000000965|000002235008|
000000965|000002235016|
000000965|000002235015|
000000966|000002235017|
000000966|000003828002|
000000966|000004296005|
000000966|000003299006|
000000966|000003831003|
000000966|000003827007|
000000966|000003298002|
000000966|000003828006|
000000966|000004296007|
000000966|000002235008|
000000966|000002235007|
000000966|000004296003|
000000966|000003830003|
000000966|000002235024|
000000966|000003829008|
000000966|000003831008|
000000966|000003828003|
000000966|000003830002|
000000966|000002235016|
000000966|000004296004|
000000966|000002235015|
000000966|000003269002|
000000966|000002235019|
000000966|000003827002|
000000966|000002235025|
000000966|000003299007|
000000966|000004296006|
000000966|000003829006|
000000966|000003830007|
000000966|000002235023|
000000967|000002235009|
000000967|000002235005|
000000967|000003299004|
000000967|000003829006|
000000967|000003276002|
000000967|000003829005|
000000967|000003278002|
000000967|000003279003|
000000967|000003279002|
000000968|000002235009|
000000968|000003279003|
000000968|000003829005|
000000968|000003278002|
000000968|000003276002|
000000968|000003829006|
000000968|000003299004|
000000968|000003279002|
000000968|000002235005|
000000969|000003299004|
000000969|000002235009|
000000969|000003279003|
000000969|000002235005|
000000969|000003279002|
000000969|000003829006|
000000969|000003276002|
000000969|000003829005|
000000969|000003278002|
000000970|000003276002|
000000970|000002235009|
000000970|000003279003|
000000970|000002235005|
000000970|000003279002|
000000970|000003278002|
000000970|000003299004|
000000970|000003829006|
000000970|000003829005|
000001016|000002656011|
000001016|000002656020|
000001016|000002656032|
000001016|000002656009|
000001016|000002656017|
000001016|000002656025|
000001016|000002656014|
000001016|000002656012|
000001016|000002656006|
000001016|000002656005|
000001016|000002656024|
000001016|000002656018|
000001016|000002656019|
000001016|000002656036|
000001016|000002656031|
000001016|000002656015|
000001017|000002656018|
000001017|000002656011|
000001017|000002656012|
000001017|000002656015|
000001017|000002656014|
000001017|000002656024|
000001017|000002656009|
000001017|000002656020|
000001017|000002656019|
000001017|000002656036|
000001017|000002656005|
000001017|000002656032|
000001017|000002656025|
000001017|000002656031|
000001017|000002656017|
000001017|000002656006|
000001018|000002656018|
000001018|000002656017|
000001018|000002656012|
000001018|000002656020|
000001018|000002656032|
000001018|000002656011|
000001018|000002656036|
000001018|000002656009|
000001018|000002656015|
000001019|000002656024|
000001020|000002656029|
000001020|000002656012|
000001020|000002656031|
000001020|000002656028|
000001020|000002656014|
000001020|000002656015|
000001020|000002656017|
000001020|000002656036|
000001020|000002656004|
000001020|000002656005|
000001020|000002656006|
000001020|000002656009|
000001020|000002656033|
000001020|000002656011|
000001020|000002656021|
000001020|000002656024|
000001020|000002656023|
000001021|000002656028|
000001021|000002656003|
000001021|000002656013|
000001022|000002656013|
000001022|000002656034|
000001022|000002656003|
000001022|000002656035|
000001023|000002656002|
000001024|000002656003|
000001024|000002656013|
000001024|000002656027|
000001025|000002656035|
000001025|000002656013|
000001025|000002656034|
000001025|000002656003|
000001025|000002656016|
000001026|000002656003|
000001026|000002656034|
000001026|000002656035|
000001026|000002656013|
000001027|000002656003|
000001027|000002656013|
000001027|000002656034|
000001027|000002656035|
000001028|000002656013|
000001028|000002656003|
000001029|000002656013|
000001029|000002656003|
000001030|000002656013|
000001030|000002656035|
000001030|000002656003|
000001031|000002656014|
000001031|000002656011|
000001031|000002656012|
000001031|000002656015|
000001031|000002656017|
000001031|000002656009|
000001031|000002656032|
000001032|000002656025|
000001032|000002656006|
000001032|000002656005|
000001032|000002656024|
000001032|000002656014|
000001032|000002656012|
000001032|000002656032|
000001032|000002656017|
000001032|000002656015|
000001032|000002656036|
000001032|000002656009|
000001032|000002656031|
000001032|000002656018|
000001032|000002656011|
000001033|000002656024|
000001033|000002656012|
000001033|000002656009|
000001033|000002656011|
000001033|000002656018|
000001033|000002656019|
000001033|000002656031|
000001033|000002656020|
000001033|000002656036|
000001033|000002656015|
000001033|000002656032|
000001033|000002656017|
000001033|000002656014|
000001033|000002656025|
000001033|000002656005|
000001033|000002656006|
000001034|000002656007|
000001034|000002656024|
000001035|000002656004|
000001035|000002656006|
000001035|000002656005|
000001035|000002656009|
000001035|000002656036|
000001035|000002656017|
000001035|000002656024|
000001035|000002656012|
000001035|000002656014|
000001035|000002656028|
000001035|000002656033|
000001035|000002656015|
000001035|000002656029|
000001035|000002656011|
000001035|000002656031|
000001035|000002656021|
000001036|000002656036|
000001036|000002656015|
000001036|000002656012|
000001036|000002656025|
000001036|000002656032|
000001036|000002656020|
000001036|000002656017|
000001036|000002656009|
000001036|000002656019|
000001036|000002656014|
000001036|000002656011|
000001037|000005448004|
000001037|000002327011|
000001037|000002327007|
000001037|000002327022|
000001037|000002327026|
000001037|000002327003|
000001037|000002327012|
000001037|000002327009|
000001037|000002327030|
000001037|000002327016|
000001037|000005448005|
000001037|000002327015|
000001037|000002327029|
000001037|000002327013|
000001038|000002327023|
000001038|000005448004|
000001038|000002327005|
000001038|000002327011|
000001038|000002327007|
000001038|000002327022|
000001038|000002327012|
000001038|000002327016|
000001038|000002327015|
000001038|000002327013|
000001038|000005448005|
000001038|000002327026|
000001038|000002327009|
000001039|000002327013|
000001039|000002327011|
000001039|000002327015|
000001039|000002327012|
000001039|000002327016|
000001041|000002327022|
000001041|000002327011|
000001041|000002327007|
000001041|000002327009|
000001041|000002327012|
000001041|000002327016|
000001041|000002327015|
000001041|000005448005|
000001041|000002327013|
000001041|000002327005|
000001041|000005157002|
000001041|000005448004|
000001041|000002327023|
000001041|000002327026|
000001044|000002327029|
000001044|000002327030|
000001044|000002327014|
000001044|000002327003|
000001044|000002327007|
000001044|000002327031|
000001044|000002327022|
000001044|000002327006|
000001044|000005448005|
000001044|000005448004|
000001044|000002327026|
000001044|000002327002|
000001045|000002327026|
000001045|000002327003|
000001045|000005448004|
000001045|000002327006|
000001045|000002327022|
000001045|000002327007|
000001046|000002327031|
000001046|000002327026|
000001046|000002327004|
000001046|000002327006|
000001046|000002327027|
000001047|000002327028|
000001047|000002327026|
000001047|000002327027|
000001048|000002327026|
000001048|000005448004|
000001048|000002327017|
000001049|000002327010|
000001049|000002327028|
000001049|000002327026|
000001049|000002327027|
000001050|000002327027|
000001050|000002327028|
000001050|000002327026|
000001051|000002327028|
000001051|000002327026|
000001051|000005158002|
000001051|000002327025|
000001051|000002327027|
000001052|000002327016|
000001052|000002327012|
000001052|000002327015|
000001052|000002327013|
000001052|000005448004|
000001052|000002327011|
000001052|000005157002|
000001052|000005448005|
000001052|000002327026|
000001052|000002327030|
000001053|000002327029|
000001053|000002327011|
000001053|000002327026|
000001053|000002327005|
000001053|000002327030|
000001053|000005448004|
000001053|000002327003|
000001053|000002327009|
000001053|000002327013|
000001053|000002327007|
000001053|000002327023|
000001053|000002327022|
000001053|000005448005|
000001054|000002327007|
000001054|000002327009|
000001054|000002327003|
000001054|000002327012|
000001054|000002327005|
000001054|000002327016|
000001054|000005448004|
000001054|000002327013|
000001054|000002327022|
000001054|000002327023|
000001054|000005448005|
000001054|000002327026|
000001054|000002327030|
000001054|000002327011|
000001054|000002327015|
000001054|000002327029|
000001055|000002327003|
000001055|000002327030|
000001055|000002327026|
000001055|000002327011|
000001055|000002327022|
000001055|000005448004|
000001055|000002327012|
000001055|000005157002|
000001055|000002327016|
000001055|000002327009|
000001055|000002327013|
000001055|000002327007|
000001055|000005448005|
000001055|000002327029|
000001055|000002327015|
000001056|000005448002|
000001056|000002327008|
000001056|000005448003|
000001056|000005448004|
000001056|000005154002|
000001056|000002327026|
000001056|000002327021|
000001057|000002327026|
000001057|000002327027|
000001057|000002327030|
000001057|000002327025|
000001057|000002327024|
000001057|000005158002|
000001057|000002327003|
000001058|000005159002|
000001058|000002327007|
000001058|000002327026|
000001058|000002327009|
000001058|000002327013|
000001058|000005448005|
000001058|000002327029|
000001058|000002327016|
000001058|000002327012|
000001058|000002327015|
000001058|000005448004|
000001058|000002327011|
000001058|000002327022|
000001058|000002327030|
000001058|000002327003|
000001093|000002861014|
000001093|000002861004|
000001094|000002861014|
000001094|000002861004|
000001095|000002861014|
000001095|000002861004|
000001096|000002861014|
000001096|000002861004|
000001097|000002861004|
000001097|000002861014|
000001098|000002861004|
000001098|000002861014|
000001099|000002861004|
000001099|000002861014|
000001100|000002861014|
000001100|000002861004|
000001104|000004253012|
000001104|000002630004|
000001104|000002630010|
000001104|000002630006|
000001104|000002630005|
000001105|000002630006|
000001105|000002630005|
000001105|000002630004|
000001105|000002630010|
000001106|000002630004|
000001106|000002630006|
000001106|000004253010|
000001106|000002630010|
000001106|000003287002|
000001106|000002630005|
000001107|000002630006|
000001107|000004255002|
000001107|000002630004|
000001107|000002630005|
000001107|000002630010|
000001108|000002630004|
000001108|000002630006|
000001108|000004255002|
000001108|000002630005|
000001108|000002630010|
000001109|000002630006|
000001109|000004255002|
000001109|000002630004|
000001109|000002630010|
000001109|000002630005|
000001111|000002630005|
000001111|000002630006|
000001111|000003287002|
000001111|000002630004|
000001111|000004253013|
000001111|000002630010|
000001112|000004253012|
000001114|000004253010|
000001114|000003287002|
000001115|000004253011|
000001115|000003287002|
000001116|000003287002|
000001116|000004253013|
000001117|000002630016|
000001117|000002630004|
000001117|000002630006|
000001117|000002630017|
000001117|000002630005|
000001118|000002630005|
000001118|000004253014|
000001118|000002630006|
000001118|000002630004|
000001118|000002630016|
000001118|000002630017|
000001119|000002630005|
000001119|000002630004|
000001119|000002630017|
000001119|000002630006|
000001120|000002630005|
000001120|000002630016|
000001120|000002630004|
000001120|000002630006|
000001120|000004256002|
000001120|000002630017|
000001124|000002630016|
000001124|000004253014|
000001125|000004253016|
000001126|000004253016|
000001126|000002630017|
000001126|000002630004|
000001126|000002630005|
000001126|000002630006|
000001127|000004253015|
000001128|000004253016|
000001128|000004253017|
000001129|000004253007|
000001129|000002630006|
000001129|000002630014|
000001129|000002630004|
000001129|000002630005|
000001130|000002630004|
000001130|000004257002|
000001130|000002630006|
000001130|000002630014|
000001130|000002630005|
000001132|000004253006|
000001133|000004253009|
000001134|000004253008|
000001135|000004253007|
000001136|000002630018|
000001136|000004253002|
000001136|000002630004|
000001136|000002630006|
000001136|000002630005|
000001137|000002630004|
000001137|000002630005|
000001137|000004258002|
000001137|000002630006|
000001137|000002630018|
000001138|000002630006|
000001138|000002630005|
000001138|000002630018|
000001138|000004253002|
000001138|000002630004|
000001139|000004253003|
000001139|000002630005|
000001139|000002630018|
000001139|000002630006|
000001139|000002630004|
000001140|000002630004|
000001140|000002630006|
000001140|000004253005|
000001140|000002630018|
000001140|000002630005|
000001141|000004253005|
000001141|000002630006|
000001141|000002630004|
000001141|000002630018|
000001141|000002630005|
000001142|000004253002|
000001143|000004253004|
000001144|000004253005|
000001145|000004253003|
000001146|000004253005|
000001147|000004253005|
000001148|000002630017|
000001148|000002630006|
000001148|000002630010|
000001148|000002630016|
000001148|000002630014|
000001148|000002630004|
000001148|000002630018|
000001148|000002630005|
000001149|000002630018|
000001149|000002630005|
000001149|000002630006|
000001149|000002630004|
000001149|000002630014|
000001149|000002630017|
000001149|000002630010|
000001153|000003699005|
000001153|000003618004|
000001153|000003699002|
000001153|000003618008|
000001153|000003699007|
000001153|000004566018|
000001153|000004543011|
000001153|000002164035|
000001153|000002164010|
000001153|000003672006|
000001154|000003618004|
000001154|000004543011|
000001154|000002164035|
000001154|000003672006|
000001154|000003618008|
000001154|000002164010|
000001156|000003672006|
000001156|000004543011|
000001156|000002164011|
000001156|000003699005|
000001156|000003618004|
000001156|000003618006|
000001156|000002164035|
000001156|000003699002|
000001156|000003699007|
000001156|000003618008|
000001156|000002164010|
000001157|000003618004|
000001157|000002164030|
000001157|000003618006|
000001157|000002164035|
000001157|000003672006|
000001157|000002164011|
000001157|000003618008|
000001157|000002164010|
000001157|000004543011|
000001158|000002164035|
000001158|000003672006|
000001158|000002164030|
000001158|000003618006|
000001158|000002164010|
000001158|000003699005|
000001158|000003618004|
000001158|000002164011|
000001158|000004543011|
000001158|000003618008|
000001159|000003699005|
000001159|000002164011|
000001159|000003618006|
000001159|000002164010|
000001159|000003672006|
000001159|000002164035|
000001159|000003618008|
000001159|000004543011|
000001159|000003618004|
000001160|000002164010|
000001160|000004543011|
000001160|000003672006|
000001160|000003618004|
000001160|000002164035|
000001160|000003618008|
000001161|000002164010|
000001161|000003618004|
000001161|000002164035|
000001161|000003672006|
000001161|000004543011|
000001161|000003618008|
000001162|000003618004|
000001162|000002164010|
000001162|000003672006|
000001162|000004543011|
000001162|000002164035|
000001162|000003618008|
000001163|000003672006|
000001163|000003618004|
000001163|000003699002|
000001163|000003699004|
000001163|000003699005|
000001163|000002164010|
000001163|000004543011|
000001163|000002164035|
000001163|000003817004|
000001163|000003618008|
000001163|000003699007|
000001163|000002164011|
000001163|000003618006|
000001164|000003618008|
000001164|000003699007|
000001164|000003699002|
000001164|000003817004|
000001164|000003699004|
000001164|000003672006|
000001164|000003618004|
000001164|000004543011|
000001164|000003699005|
000001164|000002164011|
000001164|000002164035|
000001164|000002164010|
000001165|000004543011|
000001165|000003618004|
000001165|000003699005|
000001165|000003817004|
000001165|000002164010|
000001165|000002164035|
000001165|000003699002|
000001165|000003699007|
000001165|000002164011|
000001165|000003618008|
000001165|000003672006|
000001165|000003699004|
000001166|000003618004|
000001166|000002164035|
000001166|000002164011|
000001166|000003618008|
000001166|000003699005|
000001166|000002164010|
000001166|000003699004|
000001166|000003699002|
000001166|000003817004|
000001166|000003699007|
000001166|000003672006|
000001166|000004543011|
000001167|000002164011|
000001167|000003618004|
000001167|000003618008|
000001167|000003699004|
000001167|000003817004|
000001167|000003699007|
000001167|000002164035|
000001167|000003699005|
000001167|000004543011|
000001167|000003699002|
000001167|000002164010|
000001167|000003672006|
000001168|000003699005|
000001168|000003618004|
000001168|000003699004|
000001168|000003618006|
000001168|000003817004|
000001168|000002164035|
000001168|000003618008|
000001168|000004543011|
000001168|000002164011|
000001168|000003672006|
000001168|000003699002|
000001168|000003699007|
000001168|000002164010|
000001169|000003618004|
000001169|000004566018|
000001169|000003672004|
000001169|000002164035|
000001169|000003699005|
000001169|000004846015|
000001169|000003618008|
000001169|000002164010|
000001169|000002164012|
000001169|000003672006|
000001172|000003699003|
000001172|000005265002|
000001172|000005294003|
000001172|000003607013|
000001172|000003672006|
000001172|000003618014|
000001172|000003699014|
000001172|000003618004|
000001172|000003672004|
000001172|000005294002|
000001172|000006011003|
000001172|000006011005|
000001172|000003693010|
000001172|000002164035|
000001172|000004846015|
000001172|000003699009|
000001172|000003699002|
000001172|000003699004|
000001172|000002164013|
000001172|000004566010|
000001172|000003817004|
000001172|000003607016|
000001172|000003618008|
000001172|000003659014|
000001172|000003693006|
000001172|000003659016|
000001172|000002164012|
000001172|000004566018|
000001172|000002164010|
000001172|000003693007|
000001172|000004630013|
000001172|000003699007|
000001172|000003817008|
000001172|000002164016|
000001172|000003672014|
000001172|000003817002|
000001172|000002164009|
000001172|000003699005|
000001173|000003672004|
000001173|000005294002|
000001173|000003817002|
000001173|000005294003|
000001173|000003618004|
000001173|000005265002|
000001173|000003618008|
000001173|000002164010|
000001173|000005986003|
000001173|000002164012|
000001173|000003672006|
000001173|000003693006|
000001173|000003817016|
000001173|000003817012|
000001173|000003699002|
000001173|000004566018|
000001173|000003699005|
000001173|000003699004|
000001173|000003699003|
000001173|000004846015|
000001173|000003817003|
000001173|000003817004|
000001173|000003693007|
000001173|000005986004|
000001173|000005986002|
000001173|000003699007|
000001174|000003672006|
000001174|000003618004|
000001174|000002164010|
000001174|000003618008|
000001174|000002164012|
000001174|000002164035|
000001174|000003699005|
000001174|000004846015|
000001174|000004566018|
000001174|000003699007|
000001174|000003672004|
000001174|000003699002|
000001175|000003618004|
000001175|000003699007|
000001175|000002164035|
000001175|000003618008|
000001175|000003699005|
000001175|000003672004|
000001175|000002164010|
000001175|000003699002|
000001175|000002164012|
000001175|000003699004|
000001175|000003672006|
000001175|000004846015|
000001175|000003817004|
000001176|000003191003|
000001176|000004566015|
000001176|000004566014|
000001176|000004566005|
000001176|000003618008|
000001176|000003618004|
000001176|000003190002|
000001176|000002164010|
000001176|000003191002|
000001176|000004566007|
000001176|000003672006|
000001176|000004566013|
000001176|000002164019|
000001176|000002164017|
000001177|000003191003|
000001177|000004566015|
000001177|000004566014|
000001177|000003618008|
000001177|000004566013|
000001177|000002164019|
000001177|000003190002|
000001177|000003618004|
000001177|000004566005|
000001177|000003191002|
000001177|000003672006|
000001177|000003699005|
000001177|000002164010|
000001177|000002164017|
000001177|000004566007|
000001178|000003618004|
000001178|000003672006|
000001178|000002164010|
000001178|000003618008|
000001179|000002164011|
000001179|000002164010|
000001179|000003618008|
000001179|000003618004|
000001179|000003672006|
000001179|000003699005|
000001181|000003618008|
000001181|000002164010|
000001181|000003618004|
000001181|000002164011|
000001181|000003672006|
000001182|000003618008|
000001182|000002164010|
000001182|000002164011|
000001182|000003672006|
000001182|000003699005|
000001182|000003618004|
000001183|000002164011|
000001183|000003618006|
000001183|000003672006|
000001183|000002164010|
000001183|000003618008|
000001183|000003618004|
000001184|000003618008|
000001184|000003618006|
000001184|000002164011|
000001184|000002164010|
000001184|000003672006|
000001184|000003618004|
000001185|000002164010|
000001185|000003672006|
000001185|000002164011|
000001185|000003618006|
000001185|000003618004|
000001185|000003618008|
000001186|000003672006|
000001186|000003618006|
000001186|000002164035|
000001186|000003618004|
000001186|000004543011|
000001186|000002164010|
000001186|000003618008|
000001187|000004543011|
000001187|000002164035|
000001187|000003618008|
000001187|000002164010|
000001187|000003672006|
000001187|000003618004|
000001188|000004543011|
000001188|000003618008|
000001188|000002164035|
000001188|000002164010|
000001188|000003672006|
000001188|000003618004|
000001189|000003672006|
000001189|000004543011|
000001189|000003618008|
000001189|000002164010|
000001190|000003672006|
000001190|000002164010|
000001191|000002164010|
000001191|000003672006|
000001192|000002164010|
000001193|000003672006|
000001193|000002164010|
000001196|000002271031|
000001196|000002271033|
000001196|000002271036|
000001196|000002271010|
000001197|000002271033|
000001197|000002271010|
000001199|000005683004|
000001199|000003076006|
000001199|000003061002|
000001199|000003076002|
000001199|000006926004|
000001199|000006926006|
000001199|000003060002|
000001199|000003062002|
000001199|000003063002|
000001200|000002164027|
000001200|000002164020|
000001200|000002164009|
000001200|000002164021|
000001200|000002164004|
000001201|000002164009|
000001201|000002164021|
000001201|000002164004|
000001201|000002164027|
000001201|000002164020|
000001202|000002164021|
000001202|000002164027|
000001202|000002164020|
000001202|000002164009|
000001203|000003180002|
000001203|000003607004|
000001203|000002164009|
000001203|000002164027|
000001203|000003607014|
000001203|000002164020|
000001203|000002164021|
000001203|000003607007|
000001204|000002164020|
000001204|000002164027|
000001204|000002164009|
000001204|000002164021|
000001205|000002164004|
000001205|000002164027|
000001205|000002164020|
000001205|000002164009|
000001205|000002164021|
000001206|000002164020|
000001206|000002164021|
000001206|000002164027|
000001206|000002164009|
000001206|000002164013|
000001207|000002164020|
000001207|000002164021|
000001207|000002164027|
000001207|000002164009|
000001208|000002164021|
000001208|000002164027|
000001208|000002164009|
000001208|000002164004|
000001208|000002164020|
000001209|000002164012|
000001209|000002164010|
000001209|000002164009|
000001209|000002164035|
000001209|000002164013|
000001210|000002164009|
000001210|000002164021|
000001210|000002164020|
000001210|000002164027|
000001211|000002164020|
000001211|000002164027|
000001211|000002164009|
000001211|000002164021|
000001212|000002164021|
000001212|000002164009|
000001212|000002164027|
000001212|000002164020|
000001213|000002164020|
000001213|000002164009|
000001213|000002164027|
000001213|000002164021|
000001214|000002164027|
000001214|000002164021|
000001214|000002164020|
000001214|000002164004|
000001214|000002164009|
000001215|000002164021|
000001215|000003699007|
000001215|000003699003|
000001215|000002164020|
000001215|000003699004|
000001215|000003699009|
000001215|000003699011|
000001215|000003699005|
000001215|000002164009|
000001215|000002164027|
000001215|000003699002|
000001216|000003699004|
000001216|000002164009|
000001216|000002164010|
000001216|000003699009|
000001216|000002164035|
000001216|000003699005|
000001216|000003699003|
000001216|000003699002|
000001216|000002164012|
000001216|000003699007|
000001217|000002164020|
000001217|000002164027|
000001217|000003699003|
000001217|000002164021|
000001217|000002164009|
000001217|000003699011|
000001217|000003699009|
000001217|000003699004|
000001217|000002164014|
000001218|000002164009|
000001218|000002164021|
000001218|000002164027|
000001218|000002164020|
000001219|000002164009|
000001219|000002164027|
000001219|000002164020|
000001219|000002164021|
000001219|000002164013|
000001220|000005294003|
000001220|000005294002|
000001220|000002164009|
000001220|000002164020|
000001220|000002164021|
000001220|000002164027|
000001221|000002164021|
000001221|000002164018|
000001221|000002164020|
000001221|000002164027|
000001221|000002164009|
000001222|000002164021|
000001222|000002164027|
000001222|000002164009|
000001222|000002164020|
000001223|000002164027|
000001223|000002164020|
000001223|000002164009|
000001223|000002164021|
000001224|000003844007|
000001224|000003844002|
000001224|000003844003|
000001224|000003844004|
000001225|000003844007|
000001225|000003844003|
000001225|000003844002|
000001225|000003844004|
000001226|000002164012|
000001226|000002164009|
000001226|000002164010|
000001237|000002413004|
000001237|000002413006|
000001237|000002413013|
000001237|000004066002|
000001293|000003299004|
000001293|000003276002|
000001293|000003829006|
000001293|000003829005|
000001293|000003279003|
000001293|000003278002|
000001293|000002235005|
000001293|000003279002|
000001293|000002235009|
000001294|000003276002|
000001294|000003829005|
000001294|000003278002|
000001294|000003279003|
000001294|000002235009|
000001294|000003829006|
000001294|000003299004|
000001294|000003279002|
000001294|000002235005|
000001295|000002235005|
000001295|000003829006|
000001295|000003279002|
000001295|000003279003|
000001295|000003278002|
000001295|000002235009|
000001295|000003276002|
000001295|000003829005|
000001295|000003299004|
000001297|000003279003|
000001297|000003278002|
000001297|000003279002|
000001297|000003276002|
000001297|000003829005|
000001297|000003299004|
000001297|000003829006|
000001297|000002235009|
000001297|000002235005|
000001298|000003279003|
000001298|000003829005|
000001298|000003829006|
000001298|000003278002|
000001298|000003276002|
000001298|000003279002|
000001298|000002235005|
000001298|000003299004|
000001298|000002235009|
000001299|000003829005|
000001299|000002235005|
000001299|000003829006|
000001300|000003829005|
000001300|000004976002|
000001300|000002235005|
000001300|000003829006|
000001301|000002235005|
000001301|000004976002|
000001301|000003829005|
000001301|000003829006|
000001302|000003829006|
000001302|000003829005|
000001302|000004976002|
000001302|000002235005|
000001303|000003829005|
000001303|000004976002|
000001303|000002235005|
000001303|000003829006|
000001304|000003829005|
000001304|000002235005|
000001304|000003829006|
000001304|000004976002|
000001305|000002235005|
000001305|000004976002|
000001305|000003829006|
000001305|000003829005|
000001306|000004976002|
000001306|000003829006|
000001306|000003829005|
000001306|000002235005|
000001307|000003829006|
000001307|000003829005|
000001307|000004976002|
000001307|000002235005|
000001308|000003829006|
000001308|000002235005|
000001308|000003829005|
000001309|000004976002|
000001309|000003829005|
000001309|000002235005|
000001309|000003829006|
000001310|000003829005|
000001310|000003829006|
000001310|000002235005|
000001311|000003829005|
000001311|000002235005|
000001311|000003829006|
000001312|000004976002|
000001312|000003829006|
000001312|000002235005|
000001312|000003829005|
000001313|000004976002|
000001313|000003829005|
000001313|000003829006|
000001313|000002235005|
000001314|000004976002|
000001314|000003829006|
000001314|000002235005|
000001314|000003829005|
000001315|000002235005|
000001315|000003829005|
000001315|000004976002|
000001315|000003829006|
000001316|000002235005|
000001316|000003829005|
000001316|000003829006|
000001316|000004976002|
000001317|000003829005|
000001317|000002235005|
000001317|000003829006|
000001318|000003829006|
000001318|000002235005|
000001318|000003829005|
000001319|000002235005|
000001319|000003829005|
000001319|000003829006|
000001320|000003829005|
000001320|000002235005|
000001320|000003829006|
000001321|000003829005|
000001321|000003829006|
000001321|000002235005|
000001322|000003829005|
000001322|000002235005|
000001322|000003829006|
000001323|000003829005|
000001323|000003829006|
000001323|000002235005|
000001324|000003831004|
000001324|000003831003|
000001324|000002235006|
000001324|000003831005|
000001324|000002235007|
000001324|000002235016|
000001324|000003831008|
000001324|000003269002|
000001325|000002327009|
000001325|000002327013|
000001325|000002327029|
000001325|000002327030|
000001325|000002327011|
000001326|000003828003|
000001326|000002235007|
000001326|000003269002|
000001326|000002235019|
000001326|000002235006|
000001326|000003828006|
000001326|000003828002|
000001327|000002235020|
000001327|000002235024|
000001327|000003831008|
000001327|000003298002|
000001327|000002235025|
000001327|000002235003|
000001327|000004296008|
000001327|000003830004|
000001327|000004296004|
000001327|000003298005|
000001327|000002235016|
000001327|000003828006|
000001327|000003827007|
000001327|000003299007|
000001327|000002235015|
000001327|000003829006|
000001327|000003831003|
000001327|000003827002|
000001327|000003278002|
000001327|000003831004|
000001327|000003826002|
000001327|000002235023|
000001327|000003828002|
000001327|000003830002|
000001327|000002235007|
000001327|000004296006|
000001327|000003299006|
000001327|000002235008|
000001327|000003829008|
000001327|000002235019|
000001327|000004296007|
000001327|000003830007|
000001327|000003269002|
000001327|000003830003|
000001327|000003828009|
000001327|000003828003|
000001327|000002235006|
000001327|000003826007|
000001327|000004296005|
000001327|000004296003|
000001328|000003298005|
000001328|000003826002|
000001328|000002235015|
000001328|000003828003|
000001328|000003831004|
000001328|000003828006|
000001328|000003830003|
000001328|000003830002|
000001328|000002235003|
000001328|000002235006|
000001328|000004296003|
000001328|000002235008|
000001328|000004296004|
000001328|000003299006|
000001328|000002235016|
000001328|000003830004|
000001328|000003298002|
000001328|000002235007|
000001328|000003828002|
000001328|000004296006|
000001328|000003831003|
000001328|000003829006|
000001328|000004296005|
000001328|000003827002|
000001328|000003278002|
000001328|000003299007|
000001328|000003828009|
000001328|000002235020|
000001328|000004296007|
000001328|000003830007|
000001328|000003269002|
000001328|000002235023|
000001328|000003831008|
000001328|000002235025|
000001328|000002235019|
000001328|000003829008|
000001328|000003827007|
000001328|000002235024|
000001328|000003826007|
000001328|000004296008|
000001329|000002630006|
000001329|000002630010|
000001329|000002630004|
000001329|000002630005|
000001330|000002630005|
000001330|000002630006|
000001330|000002630004|
000001330|000002630010|
000001331|000002630006|
000001331|000002630005|
000001331|000002630004|
000001331|000002630010|
000001332|000002630004|
000001332|000002630005|
000001332|000002630006|
000001332|000002630018|
000001333|000002630005|
000001333|000002630016|
000001333|000002630006|
000001333|000002630004|
000001333|000002630017|
000001334|000002630006|
000001334|000002630005|
000001334|000002630004|
000001334|000002630014|
000001335|000002630006|
000001335|000002630005|
000001335|000002630014|
000001335|000002630004|
000001340|000002630005|
000001340|000002630004|
000001340|000002630006|
000001340|000002630014|
000001343|000002235005|
000001343|000003829005|
000001343|000003829006|
000001343|000004976002|
000001344|000005265002|
000001344|000003659012|
000001344|000002164007|
000001344|000005294002|
000001344|000002164005|
000001344|000003699009|
000001344|000003659008|
000001344|000002164021|
000001344|000005253003|
000001344|000004543005|
000001344|000006011005|
000001344|000003618003|
000001344|000004543012|
000001344|000003607004|
000001344|000004566006|
000001344|000003817008|
000001344|000003699007|
000001344|000003699011|
000001344|000003672009|
000001344|000004543004|
000001344|000003693005|
000001344|000004543006|
000001344|000002164015|
000001344|000003618017|
000001344|000004846019|
000001344|000004543009|
000001344|000003607007|
000001344|000003693007|
000001344|000002164009|
000001344|000003699005|
000001344|000003693014|
000001344|000004846008|
000001344|000004566018|
000001344|000003817004|
000001344|000005265003|
000001344|000004630006|
000001344|000003699002|
000001344|000003693010|
000001344|000003693009|
000001344|000005294003|
000001344|000003607014|
000001344|000003672014|
000001344|000003659016|
000001344|000004630013|
000001344|000004566010|
000001344|000003699014|
000001344|000002164016|
000001344|000003659014|
000001344|000004630011|
000001344|000002164027|
000001344|000003817006|
000001344|000003672016|
000001344|000003693006|
000001344|000003699003|
000001344|000003607013|
000001344|000002164020|
000001344|000003659006|
000001344|000006011003|
000001344|000003817005|
000001344|000003618004|
000001344|000003618014|
000001344|000003618008|
000001344|000004846015|
000001344|000003817013|
000001344|000004566011|
000001344|000003180002|
000001344|000004543008|
000001344|000004630014|
000001344|000003659002|
000001344|000003672012|
000001344|000003607016|
000001344|000004630003|
000001344|000003699016|
000001344|000003699004|
000001344|000004543015|
000001344|000004630016|
000001344|000003817002|
000001344|000003453002|
000001344|000004630010|
000001345|000003659006|
000001345|000003607007|
000001345|000002164016|
000001345|000003693007|
000001345|000003699004|
000001345|000003618014|
000001345|000003453002|
000001345|000003699016|
000001345|000003618017|
000001345|000003672009|
000001345|000003672014|
000001345|000003699003|
000001345|000005253003|
000001345|000004543007|
000001345|000004630010|
000001345|000003659008|
000001345|000003618003|
000001345|000002164009|
000001345|000004630014|
000001345|000005294003|
000001345|000004543005|
000001345|000003693006|
000001345|000003672016|
000001345|000006011003|
000001345|000005265003|
000001345|000004846008|
000001345|000002164015|
000001345|000004630016|
000001345|000003477002|
000001345|000003607014|
000001345|000004630006|
000001345|000003659012|
000001345|000005294002|
000001345|000003699009|
000001345|000002164021|
000001345|000004566006|
000001345|000003659014|
000001345|000006011005|
000001345|000004543012|
000001345|000002164027|
000001345|000002164007|
000001345|000004630011|
000001345|000004566004|
000001345|000003659002|
000001345|000004630003|
000001345|000003699014|
000001345|000004566010|
000001345|000003672012|
000001345|000004630013|
000001345|000003607016|
000001345|000003659016|
000001345|000004846015|
000001345|000004543006|
000001345|000003693005|
000001345|000003618004|
000001345|000004543009|
000001345|000003699011|
000001345|000005265002|
000001345|000004566011|
000001345|000004846019|
000001345|000003693014|
000001345|000002164020|
000001345|000004630009|
000001345|000002164005|
000001345|000003607013|
000001345|000003693010|
000001345|000003693009|
000001346|000002164013|
000001346|000003453002|
000001346|000004566006|
000001346|000003607016|
000001346|000003618014|
000001346|000003817004|
000001346|000003618004|
000001346|000003817006|
000001346|000003817005|
000001346|000003693006|
000001346|000006011003|
000001346|000003659014|
000001346|000003607013|
000001346|000005294002|
000001346|000004543006|
000001346|000003672014|
000001346|000003618017|
000001346|000002164015|
000001346|000003659016|
000001346|000003693014|
000001346|000005265002|
000001346|000004846019|
000001346|000005253003|
000001346|000005294003|
000001346|000003618003|
000001346|000005265003|
000001346|000003693005|
000001346|000003699009|
000001346|000003672016|
000001346|000003699004|
000001346|000003699016|
000001346|000004630006|
000001346|000003817002|
000001346|000004630013|
000001346|000003659008|
000001346|000004543005|
000001346|000004846008|
000001346|000004630010|
000001346|000003607007|
000001346|000003693007|
000001346|000003672009|
000001346|000003699011|
000001346|000003607014|
000001346|000004543009|
000001346|000003693009|
000001346|000002164005|
000001346|000003659012|
000001346|000006011005|
000001346|000004630011|
000001346|000003659002|
000001346|000004630003|
000001346|000003672012|
000001346|000003699014|
000001346|000004566010|
000001346|000002164020|
000001346|000004846015|
000001346|000004566011|
000001346|000002164027|
000001346|000004543012|
000001346|000002164021|
000001346|000002164007|
000001346|000003693010|
000001346|000002164009|
000001346|000003659006|
000001346|000004630016|
000001346|000002164016|
000001346|000003699003|
000001346|000003817013|
000001346|000004630014|
000001346|000003817008|
000001347|000003672016|
000001347|000003693007|
000001347|000006011003|
000001347|000004543008|
000001347|000002164021|
000001347|000003659013|
000001347|000006011005|
000001347|000005265002|
000001347|000003817008|
000001347|000004543004|
000001347|000002164016|
000001347|000005294002|
000001347|000003817013|
000001347|000003607013|
000001347|000002164018|
000001347|000003607014|
000001347|000003693005|
000001347|000003659014|
000001347|000003693006|
000001347|000003659012|
000001347|000002164020|
000001347|000004630016|
000001347|000003618014|
000001347|000003817006|
000001347|000004543006|
000001347|000003659006|
000001347|000003618004|
000001347|000002164027|
000001347|000003817004|
000001347|000003607004|
000001347|000004566011|
000001347|000004846019|
000001347|000003618017|
000001347|000003607007|
000001347|000003659002|
000001347|000003699011|
000001347|000004543012|
000001347|000004630014|
000001347|000003699016|
000001347|000004846015|
000001347|000003699014|
000001347|000004630010|
000001347|000004846014|
000001347|000003699004|
000001347|000003817002|
000001347|000004630003|
000001347|000004630011|
000001347|000005265003|
000001347|000004630013|
000001347|000003618003|
000001347|000002164009|
000001347|000004543005|
000001347|000003659008|
000001347|000004543009|
000001347|000003699005|
000001347|000003693014|
000001347|000004566018|
000001347|000003453002|
000001347|000004543015|
000001347|000003699003|
000001347|000003672009|
000001347|000003817005|
000001347|000004566006|
000001347|000003672012|
000001347|000004846008|
000001347|000002164015|
000001347|000003607016|
000001347|000004566010|
000001347|000003699007|
000001347|000003672014|
000001347|000003699009|
000001347|000003693009|
000001347|000003618008|
000001347|000003659016|
000001347|000004630006|
000001347|000003693010|
000001347|000003699002|
000001347|000005294003|
000001348|000003453002|
000001348|000002164021|
000001348|000002164009|
000001348|000003659012|
000001348|000002164005|
000001348|000003817008|
000001348|000003672009|
000001348|000003659002|
000001348|000002164014|
000001348|000005265002|
000001348|000003699003|
000001348|000005294003|
000001348|000003659016|
000001348|000002164027|
000001348|000003693014|
000001348|000004630013|
000001348|000004543009|
000001348|000004630011|
000001348|000005265003|
000001348|000003817002|
000001348|000004630010|
000001348|000005253003|
000001348|000003693009|
000001348|000005294002|
000001348|000003672012|
000001348|000003607016|
000001348|000003672016|
000001348|000004630016|
000001348|000003817004|
000001348|000002164015|
000001348|000004566011|
000001348|000002164016|
000001348|000002164020|
000001348|000003699016|
000001348|000003699011|
000001348|000003699014|
000001348|000004630003|
000001348|000004543012|
000001348|000004543005|
000001348|000002164007|
000001348|000003618017|
000001348|000004566010|
000001348|000003607014|
000001348|000003693005|
000001348|000003699009|
000001348|000004846015|
000001348|000004846008|
000001348|000003817013|
000001348|000006011005|
000001348|000003659008|
000001348|000003659014|
000001348|000003817006|
000001348|000004846019|
000001348|000003672014|
000001348|000004630006|
000001348|000003659006|
000001348|000006011003|
000001348|000003817005|
000001348|000003693006|
000001348|000003618003|
000001348|000004630014|
000001348|000003607007|
000001348|000003618014|
000001348|000004543006|
000001348|000003693010|
000001348|000004566006|
000001348|000003693007|
000001348|000003618004|
000001348|000003607013|
000001349|000003607015|
000001349|000003659012|
000001349|000003699003|
000001349|000005253002|
000001349|000002164027|
000001349|000006923008|
000001349|000006923004|
000001349|000005294002|
000001349|000003672008|
000001349|000004630003|
000001349|000003699004|
000001349|000004566009|
000001349|000005986003|
000001349|000005294003|
000001349|000003659008|
000001349|000004846019|
000001349|000005986002|
000001349|000003618007|
000001349|000003659002|
000001349|000003693014|
000001349|000003817002|
000001349|000003607014|
000001349|000003618004|
000001349|000003817012|
000001349|000004630016|
000001349|000002164020|
000001349|000004630014|
000001349|000004543005|
000001349|000003693006|
000001349|000002164007|
000001349|000003659006|
000001349|000003618003|
000001349|000004630012|
000001349|000004846007|
000001349|000005986004|
000001349|000003817013|
000001349|000002164021|
000001349|000003693005|
000001349|000005265002|
000001349|000003607007|
000001349|000002164025|
000001349|000004630006|
000001349|000005265003|
000001349|000003699015|
000001349|000006923003|
000001349|000006923002|
000001349|000003699008|
000001349|000005253003|
000001349|000006923009|
000001349|000004566006|
000001349|000003194002|
000001349|000002164024|
000001349|000002164029|
000001349|000003672012|
000001349|000004543010|
000001349|000003699011|
000001349|000003672009|
000001349|000003817007|
000001349|000003693013|
000001349|000003659015|
000001349|000004846015|
000001349|000003817003|
000001349|000003659004|
000001349|000002164005|
000001349|000003817004|
000001349|000003693007|
000001349|000003453002|
000001349|000003817009|
000001350|000005294003|
000001350|000004630016|
000001350|000003618007|
000001350|000003693005|
000001350|000004630006|
000001350|000004543005|
000001350|000003699007|
000001350|000004566006|
000001350|000003699011|
000001350|000002164007|
000001350|000003817012|
000001350|000004846019|
000001350|000003699003|
000001350|000003659006|
000001350|000003817007|
000001350|000003618003|
000001350|000004630003|
000001350|000003672012|
000001350|000005294002|
000001350|000005253003|
000001350|000003607014|
000001350|000003817003|
000001350|000003659012|
000001350|000003659002|
000001350|000003693007|
000001350|000004846007|
000001350|000002164005|
000001350|000004846015|
000001350|000002164021|
000001350|000004630012|
000001350|000003672009|
000001350|000004543010|
000001350|000002164027|
000001350|000004566009|
000001350|000005265003|
000001350|000003699002|
000001350|000003607007|
000001350|000002164020|
000001350|000003699008|
000001350|000003817002|
000001350|000005253002|
000001350|000005986004|
000001350|000003659015|
000001350|000003693006|
000001350|000005986002|
000001350|000005265002|
000001350|000003672008|
000001350|000003453002|
000001350|000003699004|
000001350|000004630014|
000001350|000003693014|
000001350|000003817016|
000001350|000003693013|
000001350|000003699005|
000001350|000003607015|
000001350|000003817004|
000001350|000002164008|
000001350|000005986003|
000001350|000003699015|
000001350|000003618004|
000001350|000003817009|
000001350|000003659008|
000001350|000003817013|
000001351|000003699007|
000001351|000004566018|
000001351|000003699004|
000001351|000003672004|
000001351|000003699005|
000001351|000003817003|
000001351|000005294003|
000001351|000004846015|
000001351|000003693007|
000001351|000003817002|
000001351|000003618004|
000001351|000002164010|
000001351|000003817004|
000001351|000005986002|
000001351|000003699002|
000001351|000005265002|
000001351|000003672006|
000001351|000005986004|
000001351|000003618008|
000001351|000003693006|
000001351|000005294002|
000001351|000003699003|
000001351|000003817012|
000001351|000003817016|
000001351|000002164012|
000001351|000005986003|
000001352|000004543011|
000001352|000002164011|
000001352|000002164010|
000001352|000003618006|
000001352|000003618008|
000001352|000002164032|
000001352|000003672006|
000001352|000003618004|
000001352|000003699005|
000001352|000002164035|
000001353|000002235006|
000001353|000003831008|
000001353|000003269002|
000001353|000003831003|
000001353|000002235016|
000001353|000003831004|
000001353|000002235007|
000001354|000003830002|
000001354|000003830004|
000001354|000003269002|
000001354|000002235015|
000001354|000003830007|
000001354|000002235006|
000001354|000003830003|
000001354|000002235023|
000001354|000002235007|
000001355|000003828009|
000001355|000002235025|
000001355|000002235019|
000001355|000003298002|
000001355|000003830007|
000001355|000003831004|
000001355|000003829006|
000001355|000003298005|
000001355|000003827007|
000001355|000003828003|
000001355|000003828006|
000001355|000003830004|
000001355|000002235007|
000001355|000002235023|
000001355|000002235015|
000001355|000003827002|
000001355|000002235006|
000001355|000002235016|
000001355|000004296003|
000001355|000004296005|
000001355|000004296006|
000001355|000003299006|
000001355|000004296004|
000001355|000002235008|
000001355|000002235020|
000001355|000004296007|
000001355|000003829008|
000001355|000003831008|
000001355|000003831003|
000001355|000002235002|
000001355|000003826007|
000001355|000002235003|
000001355|000003828002|
000001355|000003830003|
000001355|000003830002|
000001355|000002235024|
000001355|000003826002|
000001355|000004296008|
000001355|000003299007|
000001360|000002271020|
000001360|000002271029|
000001360|000002271021|
000001360|000002271008|
000001360|000002271030|
000001360|000005810002|
000001360|000002271014|
000001360|000005809002|
000001360|000002271017|
000001360|000002271016|
000001360|000002271002|
000001360|000002271005|
000001360|000002271015|
000001360|000002271018|
000001360|000002271006|
000001360|000002271003|
000001360|000005807002|
000001361|000002271017|
000001361|000002271020|
000001361|000002271016|
000001361|000005807002|
000001361|000002271035|
000001361|000002271028|
000001361|000002271003|
000001361|000002271014|
000001361|000002271029|
000001361|000002271006|
000001361|000002271002|
000001361|000002271005|
000001361|000002271004|
000001361|000002271008|
000001361|000002271033|
000001361|000002271018|
000001361|000002271034|
000001361|000005810002|
000001361|000005809002|
000001362|000002271028|
000001362|000002271020|
000001362|000005809002|
000001362|000005810002|
000001362|000002271002|
000001362|000002271014|
000001362|000002271029|
000001362|000002271006|
000001362|000002271003|
000001362|000002271011|
000001362|000002271008|
000001362|000002271005|
000001362|000002271033|
000001362|000002271004|
000001362|000002271018|
000001362|000005807002|
000001362|000002271016|
000001362|000002271035|
000001362|000002271017|
000001363|000002271033|
000001364|000002271033|
000001367|000005448004|
000001367|000002327022|
000001367|000002327011|
000001367|000005159002|
000001367|000002327026|
000001367|000002327013|
000001367|000002327009|
000001367|000002327012|
000001367|000002327015|
000001367|000005448005|
000001367|000002327029|
000001367|000002327030|
000001367|000002327007|
000001367|000002327016|
000001368|000002327026|
000001368|000002327015|
000001368|000002327011|
000001368|000002327013|
000001368|000005448005|
000001368|000002327016|
000001368|000002327003|
000001368|000005448004|
000001368|000005159002|
000001368|000002327007|
000001368|000002327022|
000001368|000002327029|
000001368|000002327012|
000001368|000002327009|
000001368|000002327030|
000001369|000002327016|
000001369|000002327007|
000001369|000002327022|
000001369|000002327003|
000001369|000005159002|
000001369|000002327030|
000001369|000005448004|
000001369|000002327013|
000001369|000002327015|
000001369|000002327012|
000001369|000005448005|
000001369|000002327011|
000001369|000002327029|
000001369|000002327009|
000001369|000002327026|
000001370|000002327016|
000001370|000002327026|
000001370|000002327030|
000001370|000002327012|
000001370|000002327007|
000001370|000002327011|
000001370|000005159002|
000001370|000002327009|
000001370|000002327029|
000001370|000002327022|
000001370|000002327013|
000001370|000005448005|
000001370|000002327015|
000001370|000005448004|
000001371|000002327005|
000001371|000002327023|
000001371|000005448005|
000001371|000002327007|
000001371|000002327022|
000001371|000002327026|
000001371|000005448004|
000001371|000002327003|
000001371|000002327014|
000001371|000002327006|
000001371|000002327030|
000001372|000002327030|
000001372|000005448004|
000001372|000002327003|
000001372|000002327031|
000001372|000005448005|
000001372|000002327007|
000001372|000002327006|
000001372|000002327023|
000001372|000002327005|
000001372|000002327022|
000001372|000002327014|
000001372|000002327026|
000001374|000002327025|
000001374|000002327030|
000001374|000002327026|
000001374|000005158002|
000001374|000002327027|
000001374|000002327003|
000001374|000002327019|
000001376|000002327025|
000001376|000002327030|
000001376|000002327032|
000001376|000002327026|
000001376|000005158002|
000001376|000002327027|
000001377|000002327011|
000001377|000002327003|
000001377|000002327013|
000001385|000002974002|
000001385|000006076003|
000001385|000002974016|
000001385|000002974004|
000001386|000006076003|
000001386|000002974016|
000001386|000002974021|
000001386|000002974002|
000001386|000002974004|
000001386|000006084002|
000001386|000006084005|
000001387|000006076003|
000001387|000002974002|
000001387|000002974004|
000001387|000002974016|
000001387|000006084002|
000001387|000006084005|
000001387|000002974021|
000001388|000002974004|
000001388|000002974016|
000001388|000002974002|
000001388|000006076003|
000001388|000002974021|
000001389|000002974002|
000001389|000006076003|
000001389|000002974004|
000001389|000002974016|
000001389|000002974021|
000001390|000002773002|
000001390|000005445003|
000001390|000002783015|
000001390|000005445008|
000001390|000002783012|
000001390|000002783005|
000001391|000002714019|
000001391|000002714021|
000001392|000002714019|
000001392|000002714021|
000001393|000002440022|
000001393|000002440020|
000001393|000002440019|
000001393|000002440023|
000001393|000002440002|
000001393|000002440004|
000001394|000002413014|
000001394|000002413008|
000001394|000003220002|
000001394|000003221003|
000001394|000006009003|
000001395|000002413016|
000001395|000006009003|
000001395|000002413014|
000001395|000003220002|
000001396|000006009003|
000001396|000002413014|
000001396|000002413008|
000001397|000006009003|
000001397|000002413014|
000001397|000002413016|
000001398|000006009003|
000001398|000002413014|
000001398|000002413008|
000001398|000004066005|
000001400|000002440023|
000001400|000002440025|
000001400|000002440022|
000001400|000002440019|
000001400|000002440002|
000001400|000002440004|
000001400|000002440020|
000001401|000002462025|
000001401|000006661002|
000001401|000002462008|
000001401|000006659002|
000001401|000006034008|
000001401|000006034006|
000001401|000006657002|
000001401|000002462009|
000001401|000006656002|
000001401|000006660002|
000001401|000006034010|
000001401|000006034004|
000001401|000002462011|
000001401|000006034007|
000001401|000002462015|
000001401|000002462016|
000001402|000006034005|
000001402|000006657002|
000001402|000006656002|
000001402|000002462013|
000001402|000002462003|
000001402|000006168002|
000001402|000006661002|
000001402|000002462004|
000001402|000002462007|
000001402|000006168003|
000001402|000006168006|
000001402|000002462033|
000001402|000006168005|
000001402|000006659002|
000001403|000006168006|
000001403|000006656002|
000001403|000006034005|
000001403|000002462007|
000001403|000006168002|
000001403|000006168005|
000001403|000002462003|
000001403|000002462013|
000001403|000002462033|
000001403|000006657002|
000001403|000002462004|
000001403|000006661002|
000001403|000006168003|
000001403|000006659002|
000001406|000002413014|
000001446|000002576007|
000001446|000002576020|
000001446|000002576021|
000001446|000002576006|
000001446|000002576027|
000001446|000002576026|
000001446|000002576030|
000001446|000002576014|
000001446|000002576019|
000001446|000002576023|
000001446|000002576032|
000001446|000002576010|
000001446|000002576002|
000001447|000002576021|
000001447|000002576019|
000001447|000002576023|
000001447|000002576026|
000001447|000002576006|
000001447|000002576032|
000001447|000002576002|
000001447|000002576020|
000001447|000002576010|
000001447|000002576030|
000001447|000002576017|
000001447|000002576016|
000001447|000002576015|
000001447|000002576007|
000001447|000002576027|
000001447|000002576014|
000001448|000002576030|
000001448|000002576019|
000001448|000002576014|
000001448|000002576033|
000001448|000002576032|
000001448|000002576002|
000001448|000002576010|
000001448|000002576021|
000001448|000002576016|
000001448|000002576020|
000001448|000002576007|
000001448|000002576023|
000001448|000002576015|
000001448|000002576006|
000001448|000002576017|
000001448|000002576026|
000001448|000002576027|
000001449|000002576023|
000001449|000002576003|
000001449|000002576010|
000001449|000002576019|
000001449|000002576020|
000001449|000002576016|
000001449|000002576021|
000001449|000002576015|
000001449|000002576027|
000001449|000002576006|
000001449|000002576014|
000001449|000002576024|
000001449|000002576007|
000001449|000002576017|
000001450|000002576030|
000001450|000002576006|
000001450|000002576021|
000001450|000002576032|
000001450|000002576020|
000001450|000006196002|
000001450|000002576019|
000001450|000006192002|
000001450|000002576007|
000001450|000002576027|
000001450|000002576002|
000001450|000002576026|
000001451|000002576021|
000001451|000002576026|
000001451|000002576006|
000001451|000002576015|
000001451|000002576019|
000001451|000002576014|
000001451|000002576017|
000001451|000002576032|
000001451|000002576027|
000001451|000002576016|
000001451|000002576023|
000001451|000002576033|
000001451|000002576002|
000001451|000002576010|
000001451|000002576030|
000001451|000002576007|
000001451|000002576020|
000001452|000002576032|
000001452|000002576006|
000001452|000002576023|
000001452|000002576007|
000001452|000002576027|
000001452|000002576017|
000001452|000002576016|
000001452|000002576002|
000001452|000002576014|
000001452|000002576019|
000001452|000002576020|
000001452|000002576021|
000001452|000002576030|
000001452|000002576026|
000001452|000002576033|
000001452|000002576010|
000001452|000002576015|
000001453|000006196002|
000001453|000006192002|
000001453|000002576019|
000001453|000002576007|
000001453|000002576027|
000001453|000002576026|
000001453|000002576020|
000001453|000002576033|
000001453|000002576030|
000001453|000002576022|
000001453|000002576006|
000001453|000002576032|
000001453|000002576021|
000001453|000002576002|
000001454|000002576027|
000001454|000002576020|
000001454|000002576006|
000001454|000002576021|
000001454|000002576003|
000001454|000002576024|
000001454|000006192002|
000001454|000002576007|
000001454|000006196002|
000001454|000002576019|
000001455|000002630005|
000001455|000004253010|
000001455|000002630004|
000001455|000002630006|
000001455|000002630010|
000001455|000003287002|
000001456|000003287002|
000001456|000002630004|
000001456|000002630010|
000001456|000002630005|
000001456|000004253011|
000001456|000002630006|
000001458|000002576007|
000001458|000002576019|
000001458|000006192002|
000001458|000002576021|
000001458|000002576013|
000001458|000002576006|
000001458|000002576027|
000001458|000002576011|
000001458|000002576020|
000001458|000006196002|
000001458|000002576018|
000001460|000002576019|
000001460|000002576024|
000001460|000002576021|
000001460|000002576013|
000001460|000002576006|
000001460|000002576012|
000001460|000002576020|
000001460|000002576007|
000001461|000002576024|
000001461|000002576019|
000001461|000002576021|
000001461|000002576013|
000001461|000002576020|
000001461|000002576012|
000001461|000002576007|
000001461|000002576006|
000001462|000004253014|
000001462|000002630016|
000001462|000002630006|
000001462|000002630004|
000001462|000002630017|
000001462|000002630005|
000001463|000002630006|
000001463|000002630004|
000001463|000002630016|
000001463|000002630005|
000001463|000004253017|
000001463|000002630017|
000001464|000002630005|
000001464|000004253017|
000001464|000002630004|
000001464|000002630016|
000001464|000002630006|
000001464|000002630017|
000001465|000002630006|
000001465|000002630004|
000001465|000002630014|
000001465|000002630005|
000001466|000002630006|
000001466|000002630014|
000001466|000004253007|
000001466|000002630005|
000001466|000002630004|
000001467|000002630005|
000001467|000002630004|
000001467|000004253006|
000001467|000002630014|
000001467|000002630006|
000001468|000002630014|
000001468|000002630005|
000001468|000002630006|
000001468|000004253006|
000001468|000002630004|
000001469|000002630006|
000001469|000002630014|
000001469|000002630005|
000001469|000002630004|
000001469|000004253006|
000001472|000002656012|
000001472|000002656011|
000001472|000002656009|
000001472|000002656032|
000001472|000002656017|
000001472|000002656007|
000001472|000002656036|
000001472|000002656015|
000001472|000002656020|
000001474|000002656007|
000001476|000002656030|
000001476|000002656032|
000001477|000002714020|
000001477|000002713002|
000001477|000002714013|
000001477|000002714024|
000001477|000002714025|
000001477|000002714016|
000001477|000002714030|
000001477|000002711002|
000001477|000002714026|
000001477|000002714029|
000001477|000002714015|
000001477|000002712002|
000001477|000002714005|
000001477|000002714008|
000001477|000002714009|
000001478|000002714029|
000001478|000002714016|
000001478|000002714015|
000001478|000002714020|
000001478|000002714026|
000001478|000002712002|
000001478|000002714009|
000001478|000002711002|
000001478|000002714008|
000001478|000002713002|
000001478|000002714030|
000001478|000002714025|
000001478|000002714013|
000001479|000002576011|
000001479|000002576006|
000001479|000002576027|
000001479|000002576020|
000001479|000002576018|
000001479|000002576019|
000001479|000002576021|
000001479|000002576013|
000001479|000002576007|
000001481|000002848021|
000001481|000002848016|
000001481|000002848019|
000001481|000002848012|
000001481|000002848017|
000001481|000002848005|
000001481|000002848011|
000001481|000002848006|
000001481|000002848018|
000001481|000002848003|
000001481|000004194003|
000001481|000002848020|
000001482|000002848012|
000001482|000002848006|
000001482|000002848011|
000001482|000002848009|
000001482|000002848003|
000001482|000002848021|
000001482|000002848019|
000001482|000002848018|
000001482|000002848017|
000001482|000004194007|
000001482|000002848020|
000001482|000002848016|
000001483|000002848018|
000001483|000002848011|
000001483|000002848017|
000001483|000002848015|
000001483|000002848008|
000001483|000002848007|
000001483|000002848003|
000001483|000002848014|
000001483|000004194006|
000001483|000002848006|
000001483|000002848020|
000001483|000002848013|
000001483|000002848016|
000001483|000002848019|
000001483|000002848004|
000001483|000002848012|
000001483|000002848021|
000001484|000002848016|
000001484|000002848017|
000001484|000002848013|
000001484|000004194006|
000001484|000002848015|
000001484|000002848012|
000001484|000002848011|
000001484|000002848006|
000001484|000002848007|
000001484|000002848008|
000001484|000002848004|
000001484|000002848021|
000001484|000002848003|
000001485|000002848013|
000001485|000002848006|
000001485|000002848007|
000001485|000002848016|
000001485|000002848017|
000001485|000002848008|
000001485|000004194012|
000001485|000002848003|
000001485|000002848010|
000001485|000002848019|
000001485|000002848004|
000001485|000002848018|
000001485|000002848002|
000001485|000002848011|
000001485|000002848012|
000001486|000002848003|
000001486|000002848004|
000001486|000002848019|
000001486|000002848016|
000001486|000002848012|
000001486|000002848010|
000001486|000002848018|
000001486|000002848002|
000001486|000004194010|
000001486|000002848011|
000001486|000002848017|
000001486|000002848008|
000001486|000002848013|
000001486|000002848006|
000001486|000002848007|
000001486|000004194009|
000001488|000002861014|
000001488|000002861004|
000001521|000003672006|
000001521|000003618004|
000001521|000002164010|
000001521|000003618008|
000001521|000002164011|
000001521|000004566018|
000001521|000002164032|
000001522|000002164027|
000001522|000002164021|
000001522|000002164009|
000001522|000002164004|
000001522|000002164020|
000001523|000003618004|
000001523|000004543011|
000001523|000002164010|
000001523|000003618008|
000001523|000003672006|
000001523|000002164035|
000001524|000003618004|
000001524|000004566018|
000001524|000004543011|
000001524|000002164010|
000001524|000003618008|
000001524|000003672006|
000001524|000002164035|
000001525|000002343015|
000001525|000002343027|
000001525|000005679003|
000001525|000002343016|
000001525|000002343006|
000001525|000002343032|
000001525|000002343034|
000001526|000002343015|
000001526|000002343006|
000001526|000005679003|
000001526|000002343027|
000001526|000002343016|
000001526|000002343034|
000001526|000002343032|
000001527|000003699007|
000001527|000003618006|
000001527|000003618008|
000001527|000004543011|
000001527|000002164010|
000001527|000003817004|
000001527|000003699002|
000001527|000003672006|
000001527|000003699005|
000001527|000003618004|
000001527|000003699004|
000001532|000003829006|
000001532|000003829005|
000001532|000002235005|
000001533|000002336002|
000001533|000005679003|
000001533|000002343019|
000001533|000002343009|
000001533|000002343006|
000001533|000002343011|
000001536|000002974016|
000001536|000002974011|
000001536|000002972002|
000001536|000003326004|
000001536|000003322002|
000001536|000002967002|
000001536|000002974012|
000001536|000002970002|
000001536|000002974015|
000001536|000002973002|
000001536|000002968002|
000001536|000002974009|
000001537|000003319002|
000001537|000006084005|
000001537|000002969002|
000001537|000002970002|
000001537|000002974004|
000001537|000002974016|
000001537|000002967002|
000001537|000002974022|
000001537|000006084002|
000001537|000002974011|
000001537|000002974009|
000001537|000002974012|
000001537|000006084004|
000001537|000002968002|
000001537|000002974002|
000001538|000006084005|
000001538|000002974022|
000001538|000006076003|
000001538|000003319002|
000001538|000006084002|
000001538|000006084004|
000001538|000002974021|
000001538|000002974008|
000001538|000002969002|
000001538|000002974004|
000001538|000002974002|
000001538|000002974016|
000001539|000006076003|
000001539|000002974016|
000001539|000002974008|
000001539|000002969002|
000001539|000002974004|
000001539|000006084002|
000001539|000002974022|
000001539|000003319002|
000001539|000002974002|
000001539|000006084004|
000001539|000006084005|
000001540|000006076003|
000001540|000002974008|
000001540|000002969002|
000001540|000006084005|
000001540|000002974016|
000001540|000006084002|
000001540|000006084004|
000001540|000002974002|
000001540|000002974022|
000001540|000003319002|
000001540|000002974004|
000001540|000002974021|
000001541|000003319002|
000001541|000006076003|
000001541|000006084002|
000001541|000002974002|
000001541|000002974004|
000001541|000006084004|
000001541|000002974021|
000001541|000002974008|
000001541|000006084005|
000001541|000002969002|
000001541|000002974016|
000001541|000002974022|
000001542|000002974002|
000001542|000006084005|
000001542|000006084007|
000001542|000002974008|
000001542|000006084004|
000001542|000006084002|
000001542|000002974004|
000001542|000002969002|
000001542|000002974022|
000001542|000002974016|
000001542|000006076003|
000001542|000003319002|
000001543|000002974021|
000001543|000002974004|
000001543|000006076003|
000001543|000003326002|
000001543|000006084005|
000001543|000002974002|
000001543|000006084002|
000001543|000002974016|
000001543|000003325002|
000001544|000006076003|
000001544|000002974004|
000001544|000002974016|
000001544|000003325002|
000001544|000002974021|
000001544|000006084002|
000001544|000006084005|
000001544|000002974002|
000001544|000003326003|
000001545|000002974016|
000001545|000003323003|
000001545|000006076003|
000001546|000002938011|
000001546|000002938027|
000001546|000003203003|
000001546|000002938025|
000001546|000002938018|
000001546|000006303002|
000001546|000003202002|
000001546|000002938004|
000001546|000002938024|
000001546|000002938002|
000001546|000002938007|
000001546|000002938005|
000001546|000002938006|
000001546|000006297002|
000001546|000006306002|
000001552|000003076023|
000001552|000003076008|
000001552|000003076006|
000001552|000003076014|
000001552|000003076016|
000001553|000003076023|
000001553|000003076016|
000001553|000003076014|
000001553|000003076002|
000001553|000003076008|
000001553|000003076006|
000001554|000003607004|
000001554|000002164027|
000001554|000002164005|
000001554|000002164020|
000001554|000002164021|
000001554|000002164007|
000001554|000002164009|
000001554|000003607014|
000001554|000002164008|
000001554|000003607007|
000001555|000002164027|
000001555|000002164020|
000001555|000002164007|
000001555|000002164005|
000001555|000003607007|
000001555|000002164021|
000001555|000003607014|
000001556|000003281002|
000001556|000002235007|
000001556|000003298002|
000001556|000002235025|
000001556|000002235006|
000001557|000002576007|
000001557|000002576013|
000001557|000002576021|
000001557|000002576020|
000001557|000002576018|
000001557|000002576006|
000001557|000002576011|
000001557|000002576019|
000001557|000006196002|
000001557|000002576027|
000001557|000006192002|
000001558|000002576032|
000001558|000006196002|
000001558|000002576033|
000001558|000006192002|
000001558|000002576027|
000001558|000002576026|
000001558|000002576019|
000001558|000002576030|
000001558|000002576007|
000001558|000002576002|
000001558|000002576021|
000001558|000002576006|
000001558|000002576020|
000001559|000002576032|
000001559|000002576002|
000001559|000002576019|
000001559|000002576030|
000001559|000002576004|
000001559|000002576021|
000001559|000006196002|
000001559|000002576007|
000001559|000002576020|
000001559|000006192002|
000001559|000002576027|
000001559|000002576006|
000001559|000002576026|
000001560|000002576027|
000001560|000002576007|
000001560|000002576021|
000001560|000006196002|
000001560|000006192002|
000001560|000002576003|
000001560|000002576019|
000001560|000002576020|
000001560|000002576006|
000001560|000002576024|
000001561|000002576019|
000001561|000002576024|
000001561|000002576007|
000001561|000002576027|
000001561|000002576006|
000001561|000002576020|
000001561|000002576021|
000001561|000002576002|
000001561|000002576030|
000001561|000006196002|
000001561|000002576026|
000001561|000002576032|
000001561|000006192002|
000001562|000002576006|
000001562|000002576013|
000001562|000002576024|
000001562|000002576020|
000001562|000002576007|
000001562|000002576019|
000001562|000002576021|
000001563|000002576030|
000001563|000002576021|
000001563|000006196002|
000001563|000006192002|
000001563|000002576027|
000001563|000002576026|
000001563|000002576002|
000001563|000002576006|
000001563|000002576020|
000001563|000002576032|
000001563|000002576019|
000001563|000002576007|
000001564|000002576021|
000001564|000002576020|
000001564|000002576006|
000001564|000002576013|
000001564|000002576012|
000001564|000002576007|
000001564|000002576024|
000001564|000002576019|
000001565|000002938002|
000001565|000002938003|
000001565|000002938017|
000001565|000002938005|
000001565|000002938033|
000001565|000006303002|
000001565|000002938008|
000001565|000002938006|
000001565|000006297002|
000001565|000002938018|
000001565|000002938029|
000001565|000006300002|
000001565|000002938011|
000001567|000006297002|
000001567|000002938011|
000001567|000002938027|
000001567|000002938004|
000001567|000002938024|
000001567|000006303002|
000001567|000002938025|
000001567|000002938018|
000001567|000002938013|
000001568|000002938024|
000001568|000002938025|
000001568|000006303002|
000001568|000006297002|
000001568|000002938004|
000001568|000002938027|
000001568|000002938018|
000001568|000002938011|
000001569|000002938018|
000001569|000002938031|
000001569|000002938027|
000001569|000002938004|
000001569|000006303002|
000001569|000002938011|
000001569|000006297002|
000001569|000002938025|
000001569|000002938024|
000001570|000002938011|
000001570|000002938024|
000001570|000006297002|
000001570|000006303002|
000001570|000002938004|
000001570|000002938027|
000001570|000002938025|
000001570|000002938014|
000001570|000002938018|
000001571|000002938018|
000001571|000006297002|
000001571|000002938011|
000001571|000002938004|
000001571|000006303002|
000001571|000002938024|
000001571|000002938025|
000001571|000002938027|
000001572|000006297002|
000001572|000002938033|
000001572|000002938032|
000001572|000002938011|
000001572|000002938027|
000001572|000002938025|
000001572|000002938024|
000001572|000002938004|
000001572|000006303002|
000001572|000002938018|
000001573|000002938012|
000001573|000002938002|
000001573|000002938003|
000001573|000002938010|
000001573|000002938008|
000001573|000002938005|
000001573|000002938029|
000001573|000002938006|
000001574|000002938002|
000001574|000002938003|
000001574|000002938009|
000001574|000002938028|
000001574|000002938029|
000001574|000002938005|
000001574|000002938008|
000001574|000002938006|
000001574|000006294002|
000001574|000002938019|
000001574|000002938033|
000001574|000006300002|
000001574|000002938023|
000001574|000006297002|
000001577|000002747018|
000001577|000002747026|
000001578|000006009003|
000001578|000002413014|
000001578|000004083003|
000001579|000003844004|
000001579|000003844007|
000001579|000003844003|
000001579|000003844002|
000001580|000005432005|
000001580|000002343010|
000001580|000002336002|
000001580|000005432004|
000001580|000002343024|
000001580|000002343008|
000001580|000002343013|
000001580|000002343014|
000001580|000002343012|
000001581|000003831004|
000001581|000003827002|
000001581|000002235016|
000001581|000003829008|
000001581|000002235008|
000001581|000002235019|
000001581|000003831008|
000001581|000002235025|
000001581|000003830003|
000001581|000003828003|
000001581|000003299006|
000001581|000002235006|
000001581|000003826002|
000001581|000004296005|
000001581|000003298002|
000001581|000003829006|
000001581|000003826007|
000001581|000002235007|
000001581|000004296004|
000001581|000003298005|
000001581|000003828009|
000001581|000004296008|
000001581|000003828006|
000001581|000002235002|
000001581|000002235015|
000001581|000002235024|
000001581|000003830004|
000001581|000004296006|
000001581|000003275002|
000001581|000003826003|
000001581|000002235011|
000001581|000002235010|
000001581|000002235023|
000001581|000003299007|
000001581|000002235020|
000001581|000003830007|
000001581|000004296007|
000001581|000003827007|
000001581|000004296003|
000001581|000003276002|
000001581|000003831003|
000001581|000002235003|
000001581|000003828002|
000001581|000003830002|
000001582|000003829008|
000001582|000004296008|
000001582|000002235025|
000001582|000002235008|
000001582|000004296004|
000001582|000002235024|
000001582|000002235019|
000001582|000003830007|
000001582|000003831008|
000001582|000004296006|
000001582|000003276002|
000001582|000003830004|
000001582|000002235007|
000001582|000002235020|
000001582|000002235023|
000001582|000003828003|
000001582|000003827007|
000001582|000003298002|
000001582|000003298005|
000001582|000003826002|
000001582|000002235003|
000001582|000004296007|
000001582|000003826007|
000001582|000003828006|
000001582|000003831004|
000001582|000003299007|
000001582|000003826006|
000001582|000003831003|
000001582|000004296005|
000001582|000003828002|
000001582|000002235016|
000001582|000003275002|
000001582|000003828009|
000001582|000003299006|
000001582|000003830002|
000001582|000003827002|
000001582|000004296003|
000001582|000003830003|
000001582|000003829006|
000001583|000003299004|
000001583|000003278002|
000001583|000003831004|
000001583|000003829006|
000001583|000002235005|
000001583|000003276002|
000001583|000003830004|
000001583|000002235002|
000001583|000002235009|
000001583|000003829005|
000001583|000002235003|
000001583|000003828009|
000001583|000004296008|
000001583|000003826002|
000001583|000003279002|
000001583|000003279003|
000001583|000002235020|
000001583|000003826007|
000001583|000003298005|
000001583|000003269002|
000001584|000003828002|
000001584|000002235025|
000001584|000003829008|
000001584|000002235015|
000001584|000002235002|
000001584|000004296003|
000001584|000003828009|
000001584|000002235003|
000001584|000004296008|
000001584|000003299007|
000001584|000002235020|
000001584|000003829006|
000001584|000003826007|
000001584|000002235019|
000001584|000003831008|
000001584|000003298005|
000001584|000003299006|
000001584|000004296006|
000001584|000003826002|
000001584|000003298002|
000001584|000002235023|
000001584|000003827007|
000001584|000004296007|
000001584|000003828006|
000001584|000002235008|
000001584|000003828003|
000001584|000002235024|
000001584|000002235007|
000001584|000003830003|
000001584|000002235016|
000001584|000003830004|
000001584|000004296004|
000001584|000003831004|
000001584|000003827002|
000001584|000003830007|
000001584|000004296005|
000001584|000002235006|
000001584|000003830002|
000001584|000003831003|
000001585|000003828003|
000001585|000002235008|
000001585|000004296005|
000001585|000002235025|
000001585|000003830003|
000001585|000003299007|
000001585|000003298002|
000001585|000003829006|
000001585|000003829008|
000001585|000003828006|
000001585|000002235007|
000001585|000002235019|
000001585|000003827002|
000001585|000004296004|
000001585|000003830002|
000001585|000003272002|
000001585|000003831003|
000001585|000004296003|
000001585|000003275002|
000001585|000003828002|
000001585|000003831008|
000001585|000002235024|
000001585|000002235016|
000001585|000003299006|
000001585|000003830007|
000001585|000003827007|
000001585|000004296006|
000001585|000004296007|
000001585|000002235023|
000001586|000003829005|
000001586|000002235005|
000001586|000003299004|
000001586|000002235009|
000001586|000003279002|
000001586|000003276002|
000001586|000003279003|
000001586|000003278002|
000001586|000003829006|
000001589|000004253002|
000001589|000002630018|
000001589|000002630004|
000001589|000002630006|
000001589|000002630005|
000001596|000006009003|
000001596|000002413016|
000001596|000002413014|
000001596|000002413015|
000001597|000002714021|
000001597|000002714019|
000001598|000002440020|
000001599|000003298002|
000001599|000002235007|
000001599|000003269002|
000001599|000002235025|
000001599|000002235006|
000001600|000002235003|
000001602|000003298002|
000001602|000002235025|
000001602|000002235007|
000001606|000003817004|
000001606|000003693014|
000001606|000005253003|
000001606|000003618017|
000001606|000003817008|
000001606|000006923008|
000001606|000004846019|
000001606|000003659012|
000001606|000004630006|
000001606|000003672016|
000001606|000003618014|
000001606|000004543008|
000001606|000005265003|
000001606|000004543004|
000001606|000004543009|
000001606|000003699004|
000001606|000002164016|
000001606|000003693010|
000001606|000004630010|
000001606|000005294003|
000001606|000004566010|
000001606|000003672012|
000001606|000003699014|
000001606|000003607007|
000001606|000002164015|
000001606|000004630014|
000001606|000003693009|
000001606|000003817002|
000001606|000006923003|
000001606|000003607016|
000001606|000006923004|
000001606|000003659006|
000001606|000004630011|
000001606|000003659016|
000001606|000003699003|
000001606|000003699009|
000001606|000003607014|
000001606|000004846008|
000001606|000003453002|
000001606|000005294002|
000001606|000004630003|
000001606|000002164005|
000001606|000003607013|
000001606|000004566006|
000001606|000002164009|
000001606|000005265002|
000001606|000003693007|
000001606|000003659002|
000001606|000003659008|
000001606|000004543005|
000001606|000002164025|
000001606|000006011005|
000001606|000002164027|
000001606|000003180002|
000001606|000003618004|
000001606|000003607004|
000001606|000004543012|
000001606|000004846015|
000001606|000004543006|
000001606|000006011003|
000001606|000003817013|
000001606|000003672014|
000001606|000003699011|
000001606|000003618003|
000001606|000004630013|
000001606|000003693006|
000001606|000003659014|
000001606|000003817005|
000001606|000004566011|
000001606|000003672009|
000001606|000003699016|
000001606|000003817006|
000001606|000002164020|
000001606|000004543015|
000001606|000002164007|
000001606|000002164021|
000001606|000004630016|
000001606|000003693005|
000001606|000003659004|
000001607|000003693014|
000001607|000002164027|
000001607|000004846015|
000001607|000003659014|
000001607|000003618003|
000001607|000004543006|
000001607|000004630010|
000001607|000006011003|
000001607|000003618014|
000001607|000002164007|
000001607|000003618017|
000001607|000002164005|
000001607|000005265003|
000001607|000003699004|
000001607|000003607013|
000001607|000003659012|
000001607|000002164015|
000001607|000004630014|
000001607|000003693007|
000001607|000003659008|
000001607|000004630009|
000001607|000006923008|
000001607|000006923004|
000001607|000006011005|
000001607|000005294003|
000001607|000003672009|
000001607|000003607014|
000001607|000003659006|
000001607|000003477002|
000001607|000004543007|
000001607|000003659016|
000001607|000003699011|
000001607|000003699009|
000001607|000003672014|
000001607|000002164020|
000001607|000005253003|
000001607|000003607007|
000001607|000002164025|
000001607|000004566004|
000001607|000004630011|
000001607|000003659002|
000001607|000006923003|
000001607|000003693010|
000001607|000004566006|
000001607|000005265002|
000001607|000003672016|
000001607|000002164009|
000001607|000003607016|
000001607|000003693009|
000001607|000004846019|
000001607|000003699014|
000001607|000004630003|
000001607|000005294002|
000001607|000003659004|
000001607|000004630016|
000001607|000002164016|
000001607|000003693006|
000001607|000004846008|
000001607|000004630013|
000001607|000004543009|
000001607|000004543005|
000001607|000003693005|
000001607|000003699016|
000001607|000003453002|
000001607|000004630006|
000001607|000004543012|
000001607|000004566011|
000001607|000002164021|
000001607|000004566010|
000001607|000003672012|
000001607|000003699003|
000001607|000003618004|
000001608|000003618004|
000001608|000003618003|
000001608|000002164020|
000001608|000003659014|
000001608|000004566006|
000001608|000003817006|
000001608|000004566011|
000001608|000003693007|
000001608|000003699016|
000001608|000003817005|
000001608|000002164025|
000001608|000003693006|
000001608|000003817013|
000001608|000003607013|
000001608|000003699014|
000001608|000006011003|
000001608|000004543012|
000001608|000003607007|
000001608|000004543006|
000001608|000002164027|
000001608|000004846015|
000001608|000002164007|
000001608|000003607004|
000001608|000004846008|
000001608|000003453002|
000001608|000006011005|
000001608|000003659002|
000001608|000003699009|
000001608|000003659008|
000001608|000002164009|
000001608|000004630003|
000001608|000002164021|
000001608|000002164005|
000001608|000003693005|
000001608|000004630016|
000001608|000004630010|
000001608|000003607016|
000001608|000003693009|
000001608|000003817002|
000001608|000003693010|
000001608|000006923004|
000001608|000004630006|
000001608|000004630011|
000001608|000005253003|
000001608|000004846019|
000001608|000003659016|
000001608|000003618008|
000001608|000003618014|
000001608|000003693014|
000001608|000003672014|
000001608|000003699003|
000001608|000006923003|
000001608|000004543005|
000001608|000004543008|
000001608|000003699004|
000001608|000004543009|
000001608|000003659006|
000001608|000005265003|
000001608|000002164016|
000001608|000003659012|
000001608|000003618017|
000001608|000003699011|
000001608|000006923008|
000001608|000005294002|
000001608|000005265002|
000001608|000004543004|
000001608|000003817004|
000001608|000003817008|
000001608|000003672016|
000001608|000004630013|
000001608|000004630014|
000001608|000003659004|
000001608|000003672012|
000001608|000003607014|
000001608|000004566010|
000001608|000003672009|
000001608|000005294003|
000001608|000002164015|
000001608|000004543015|
000001609|000003659006|
000001609|000006923008|
000001609|000004566006|
000001609|000003693006|
000001609|000006923003|
000001609|000003817013|
000001609|000004630006|
000001609|000003699008|
000001609|000006923006|
000001609|000006923005|
000001609|000006923004|
000001609|000003693005|
000001609|000003618004|
000001609|000003672008|
000001609|000003672012|
000001609|000004543010|
000001609|000004543005|
000001609|000003453002|
000001609|000002164020|
000001609|000004630016|
000001609|000004846007|
000001609|000002164021|
000001609|000004630003|
000001609|000003659002|
000001609|000003817012|
000001609|000004630012|
000001609|000002164025|
000001609|000003817009|
000001609|000005986004|
000001609|000003659004|
000001609|000003607007|
000001609|000003659015|
000001609|000002164007|
000001609|000004846019|
000001609|000005986003|
000001609|000002164027|
000001609|000003607015|
000001609|000003618003|
000001609|000002164005|
000001609|000005253002|
000001609|000005294002|
000001609|000005265002|
000001609|000004630014|
000001609|000003699015|
000001609|000003693013|
000001609|000006923009|
000001609|000004846015|
000001609|000003659008|
000001609|000003817007|
000001609|000003693007|
000001609|000003672009|
000001609|000003817004|
000001609|000002164035|
000001609|000003699011|
000001609|000003817003|
000001609|000003607014|
000001609|000005294003|
000001609|000003817002|
000001609|000003618007|
000001609|000005986002|
000001609|000005253003|
000001609|000003618008|
000001609|000005265003|
000001609|000003693014|
000001609|000003699003|
000001609|000004566009|
000001609|000003659012|
000001610|000006923009|
000001610|000003618003|
000001610|000003817007|
000001610|000006923008|
000001610|000005253002|
000001610|000003699003|
000001610|000003817004|
000001610|000004846007|
000001610|000003659002|
000001610|000006923003|
000001610|000003817003|
000001610|000006923004|
000001610|000004543002|
000001610|000005265002|
000001610|000004630003|
000001610|000003817002|
000001610|000003693005|
000001610|000005294002|
000001610|000005986002|
000001610|000004846015|
000001610|000005986004|
000001610|000004630006|
000001610|000003659013|
000001610|000003672012|
000001610|000004543010|
000001610|000003693007|
000001610|000003699011|
000001610|000003607007|
000001610|000004543016|
000001610|000002164018|
000001610|000003693013|
000001610|000004630014|
000001610|000003693014|
000001610|000003817012|
000001610|000003618004|
000001610|000002164021|
000001610|000003672008|
000001610|000002164005|
000001610|000003672009|
000001610|000003693006|
000001610|000003659006|
000001610|000003817013|
000001610|000004846014|
000001610|000004630016|
000001610|000004543005|
000001610|000003659012|
000001610|000002164035|
000001610|000003659015|
000001610|000004630012|
000001610|000003607015|
000001610|000003817009|
000001610|000004846019|
000001610|000003699015|
000001610|000003453002|
000001610|000003618008|
000001610|000004566009|
000001610|000002164027|
000001610|000002164020|
000001610|000003659008|
000001610|000003607014|
000001610|000005253003|
000001610|000003618007|
000001610|000005986003|
000001610|000005294003|
000001610|000005265003|
000001610|000002164007|
000001610|000004566006|
000001611|000003817013|
000001611|000004566006|
000001611|000003659015|
000001611|000003699015|
000001611|000004543005|
000001611|000003817007|
000001611|000003693006|
000001611|000002164021|
000001611|000006923003|
000001611|000002164005|
000001611|000003659004|
000001611|000002164027|
000001611|000005294002|
000001611|000005265003|
000001611|000005253002|
000001611|000004543010|
000001611|000003672008|
000001611|000003693013|
000001611|000006923009|
000001611|000003607007|
000001611|000004630006|
000001611|000004630003|
000001611|000005265002|
000001611|000002164025|
000001611|000003618003|
000001611|000004630012|
000001611|000003672012|
000001611|000003817004|
000001611|000004630016|
000001611|000003659008|
000001611|000003693014|
000001611|000003817009|
000001611|000003817003|
000001611|000003618008|
000001611|000006923004|
000001611|000004630014|
000001611|000004846015|
000001611|000003607015|
000001611|000003693007|
000001611|000003672009|
000001611|000003817002|
000001611|000005253003|
000001611|000003659012|
000001611|000003693005|
000001611|000003699011|
000001611|000003607014|
000001611|000005986003|
000001611|000004566009|
000001611|000003618007|
000001611|000003699003|
000001611|000002164007|
000001611|000005986002|
000001611|000003659006|
000001611|000004846019|
000001611|000003659002|
000001611|000003618004|
000001611|000005986004|
000001611|000006923008|
000001611|000003817012|
000001611|000004846007|
000001611|000002164020|
000001611|000003453002|
000001611|000005294003|
000001635|000003417005|
000001635|000003417003|
000001636|000003417002|
000001636|000003417005|
000001637|000003417004|
000001637|000003417005|
000001637|000003417006|
000001637|000003417007|
000001638|000003417005|
000001639|000003417005|
000001640|000003432008|
000001640|000003432003|
000001641|000003432007|
000001642|000003432006|
000001643|000003432005|
000001643|000003432009|
000001644|000003432002|
000001645|000003432002|
000001646|000003432002|
000001647|000002630004|
000001647|000002630005|
000001647|000002630006|
000001647|000002630018|
000001647|000004253003|
000001648|000002630005|
000001648|000002630018|
000001648|000002630006|
000001648|000002630004|
000001649|000002630018|
000001649|000002630004|
000001649|000002630006|
000001649|000002630005|
000001650|000002343006|
000001650|000002343011|
000001650|000005679003|
000001650|000002343009|
000001650|000002336002|
000001650|000002343019|
000001651|000005679003|
000001651|000002343006|
000001651|000002343019|
000001651|000002343009|
000001651|000002343011|
000001651|000002336002|
000001652|000003699005|
000001652|000003672006|
000001652|000003618004|
000001652|000004543011|
000001652|000002164010|
000001652|000004566018|
000001652|000003618008|
000001652|000002164035|
000001652|000003618006|
000001652|000002164032|
000001652|000002164011|
000001657|000002861009|
000001657|000004226002|
000001657|000002861005|
000001658|000002861007|
000001658|000002861014|
000001658|000002861004|
000001658|000002861008|
000001659|000002861006|
000001659|000002861004|
000001659|000002861002|
000001659|000002861014|
000001659|000002861003|
000001659|000002861007|
000001659|000002861012|
000001659|000002861008|
000001660|000002861008|
000001660|000002861007|
000001660|000002861004|
000001660|000002861014|
000001661|000002861007|
000001661|000002861004|
000001661|000002861008|
000001661|000002861014|
000001662|000002861014|
000001662|000002861004|
000001664|000002848004|
000001664|000002848006|
000001664|000002848011|
000001664|000002848013|
000001664|000002848012|
000001664|000002848018|
000001664|000002848019|
000001664|000002848017|
000001665|000002848016|
000001665|000002848018|
000001665|000002848017|
000001665|000002848006|
000001665|000002848003|
000001665|000002848012|
000001665|000002848011|
000001665|000002848021|
000001665|000002848019|
000001666|000003817003|
000001666|000003672008|
000001666|000003817002|
000001666|000006923007|
000001666|000004630006|
000001666|000004630014|
000001666|000006923004|
000001666|000003659004|
000001666|000003659008|
000001666|000002164025|
000001666|000004630012|
000001666|000004630003|
000001666|000003693013|
000001666|000005986002|
000001666|000003693006|
000001666|000003699008|
000001666|000003817013|
000001666|000003607015|
000001666|000002164007|
000001666|000003699015|
000001666|000003817007|
000001666|000003817009|
000001666|000006923009|
000001666|000006923003|
000001666|000005294003|
000001666|000006923008|
000001666|000003672012|
000001666|000004543010|
000001666|000003817004|
000001666|000002164027|
000001666|000002164020|
000001666|000004846019|
000001666|000003618008|
000001666|000004566006|
000001666|000004846007|
000001666|000002164005|
000001666|000005986004|
000001666|000004630016|
000001666|000004846015|
000001666|000003817012|
000001666|000005253003|
000001666|000002164021|
000001666|000003672009|
000001666|000004566009|
000001666|000003699004|
000001666|000003607007|
000001666|000003699011|
000001666|000004543005|
000001666|000003618003|
000001666|000003693007|
000001666|000005265003|
000001666|000002164035|
000001666|000003659006|
000001666|000003659002|
000001666|000005265002|
000001666|000003659012|
000001666|000003659015|
000001666|000003693005|
000001666|000005986003|
000001666|000003618007|
000001666|000003607014|
000001666|000003693014|
000001666|000005294002|
000001666|000003618004|
000001666|000003699003|
000001666|000005253002|
000001666|000003453002|
000001667|000006923008|
000001667|000003699007|
000001667|000006923003|
000001667|000003618008|
000001667|000002164010|
000001667|000003817004|
000001667|000003699002|
000001667|000003699004|
000001667|000004543011|
000001667|000003699005|
000001667|000006923004|
000001667|000003672006|
000001667|000003618004|
000001668|000002164010|
000001668|000004543011|
000001668|000003699005|
000001668|000003618004|
000001668|000002164032|
000001668|000003618008|
000001668|000003618006|
000001668|000006923008|
000001668|000006923003|
000001668|000006923004|
000001668|000003672006|
000001678|000003607016|
000001678|000003659012|
000001678|000004630011|
000001678|000003672016|
000001678|000003817002|
000001678|000003693007|
000001678|000005265002|
000001678|000003659002|
000001678|000003699014|
000001678|000003659006|
000001678|000002164009|
000001678|000003817013|
000001678|000004543012|
000001678|000003693006|
000001678|000004846008|
000001678|000004630014|
000001678|000003618017|
000001678|000003817008|
000001678|000002164027|
000001678|000004566006|
000001678|000006011003|
000001678|000004630013|
000001678|000003699003|
000001678|000003453002|
000001678|000003693014|
000001678|000003693009|
000001678|000003659014|
000001678|000006011005|
000001678|000004630016|
000001678|000003659016|
000001678|000003699016|
000001678|000003607014|
000001678|000003699011|
000001678|000003618003|
000001678|000002164016|
000001678|000004543005|
000001678|000003607007|
000001678|000003699004|
000001678|000004846015|
000001678|000004543009|
000001678|000002164021|
000001678|000003693005|
000001678|000005294002|
000001678|000003618004|
000001678|000003672009|
000001678|000004630010|
000001678|000005265003|
000001678|000003817006|
000001678|000004566010|
000001678|000003672012|
000001678|000003817005|
000001678|000004543006|
000001678|000003693010|
000001678|000002164020|
000001678|000004630003|
000001678|000003817004|
000001678|000004846019|
000001678|000002164004|
000001678|000003672014|
000001678|000005294003|
000001678|000004566011|
000001678|000002164015|
000001678|000003607013|
000001678|000003659008|
000001678|000004630006|
000001678|000004566004|
000001678|000003699009|
000001678|000003618014|
000001678|000003618008|
000001679|000003618003|
000001679|000002164015|
000001679|000003618009|
000001679|000002164017|
000001679|000002164019|
000001679|000003618002|
000001679|000003618017|
000001679|000003618004|
000001679|000002164009|
000001679|000002164016|
000001679|000003618014|
000001679|000003618008|
000001680|000002576012|
000001680|000002576020|
000001680|000002576021|
000001680|000002576007|
000001680|000002576006|
000001680|000002576024|
000001680|000002576013|
000001680|000002576019|
000001720|000002656003|
000001720|000002656035|
000001720|000002656013|
000001720|000002656034|
000001746|000005158002|
000001746|000002327026|
000001746|000002327025|
000001746|000002327027|
000001746|000002327003|
000001746|000002327030|
000001750|000002327027|
000001750|000002327028|
000001810|000002235003|
000001811|000002235003|
000001813|000002235003|
000001816|000002413014|
000001816|000003220002|
000001816|000006009003|
000001818|000006009005|
000001818|000004066015|
000001818|000006009003|
000001818|000002413014|
000001818|000002413008|
000001822|000005432003|
000001822|000005432002|
000001822|000005432004|
000001822|000003199002|
000001822|000005432005|
000001825|000002164005|
000001825|000002164007|
000001825|000002164009|
000001825|000003672009|
000001825|000003672013|
000001825|000003672012|
000001825|000002164021|
000001825|000002164020|
000001825|000002164027|
000001825|000002164008|
000001991|000002164009|
000001991|000003693014|
000001991|000002164008|
000001991|000002164020|
000001991|000003693005|
000001991|000002164027|
000001991|000002164021|
000001991|000002164005|
000001991|000002164007|
000001992|000002164009|
000001992|000002164005|
000001992|000002164020|
000001992|000003699007|
000001992|000003699005|
000001992|000002164027|
000001992|000002164021|
000001992|000002164007|
000001992|000003699003|
000001992|000003699011|
000001992|000003699004|
000001992|000003699002|
000001992|000003699009|
000001993|000002974016|
000001993|000002974009|
000001994|000002413006|
000001994|000006009007|
000001994|000004066002|
000001994|000002413004|
000001994|000002413013|
000001995|000002630005|
000001995|000002630004|
000001995|000002630006|
000001995|000004253005|
000001995|000002630018|
000001998|000002974016|
000001998|000002973002|
000001998|000006076003|
000001998|000002974015|
000001998|000002974008|
000001998|000002972002|
000001998|000003326004|
000001998|000002974020|
000001998|000002974021|
000001999|000002974016|
000001999|000006076003|
000001999|000002974022|
000001999|000006084002|
000001999|000002974021|
000001999|000006084006|
000001999|000003319002|
000001999|000006084005|
000001999|000002974008|
000001999|000002974004|
000001999|000006084004|
000001999|000002969002|
000002000|000006076003|
000002000|000002972002|
000002000|000006076005|
000002000|000002974016|
000002000|000003326004|
000002000|000002974021|
000002000|000002974008|
000002000|000002973002|
000002000|000002974015|
000002001|000002967002|
000002001|000002974016|
000002001|000002974012|
000002001|000002974009|
000002001|000002970002|
000002001|000002973002|
000002001|000002974011|
000002001|000002972002|
000002001|000003326004|
000002001|000002968002|
000002002|000002656009|
000002002|000002656011|
000002002|000002656012|
000002002|000002656017|
000002002|000002656020|
000002002|000002656036|
000002002|000002656018|
000002002|000002656024|
000002002|000002656015|
000002002|000002656032|
000002003|000002656012|
000002003|000002656011|
000002003|000002656015|
000002003|000002656017|
000002003|000002656009|
000002003|000002656020|
000002003|000002656018|
000002003|000002656032|
000002003|000002656036|
000002003|000002656024|
000002004|000003659012|
000002004|000002164027|
000002004|000004543005|
000002004|000003607014|
000002004|000003699004|
000002004|000004630003|
000002004|000003453002|
000002004|000003659006|
000002004|000003607007|
000002004|000003672009|
000002004|000002164020|
000002004|000003693005|
000002004|000003618008|
000002004|000003659002|
000002004|000003672012|
000002004|000003618004|
000002004|000003699008|
000002004|000004846019|
000002004|000003699011|
000002004|000004846015|
000002004|000004630014|
000002004|000003659008|
000002004|000002164021|
000002004|000004630006|
000002004|000004630016|
000002004|000003618003|
000002004|000004566006|
000002004|000003817013|
000002004|000005265003|
000002004|000003817004|
000002004|000003693014|
000002005|000002164027|
000002005|000002164021|
000002005|000003607014|
000002005|000003607007|
000002005|000002164004|
000002005|000002164009|
000002005|000003607004|
000002005|000002164020|
000002006|000002164020|
000002006|000002164009|
000002006|000002164021|
000002006|000002164027|
000002006|000003607014|
000002006|000003607007|
000002007|000003659012|
000002007|000002164020|
000002007|000002164018|
000002007|000003659008|
000002007|000003659013|
000002007|000002164027|
000002007|000002164009|
000002007|000003659006|
000002007|000002164021|
000002007|000003659002|
000002008|000002164021|
000002008|000002164020|
000002008|000002164009|
000002008|000002164027|
000002008|000003618003|
000002008|000003618004|
000002009|000003672006|
000002009|000003699005|
000002009|000003817004|
000002009|000003618004|
000002009|000003699007|
000002009|000003699002|
000002009|000003618008|
000002009|000002164010|
000002009|000003672004|
000002009|000003699004|
000002009|000004846015|
000002009|000002164012|
000002010|000003453002|
000002010|000003477002|
000002010|000003699009|
000002010|000004630011|
000002010|000003618004|
000002010|000004630013|
000002010|000005294002|
000002010|000003693010|
000002010|000004566010|
000002010|000003607014|
000002010|000003672012|
000002010|000003693009|
000002010|000004630016|
000002010|000004543012|
000002010|000003659002|
000002010|000003618017|
000002010|000003699016|
000002010|000004630006|
000002010|000002164004|
000002010|000004566011|
000002010|000002164009|
000002010|000003659012|
000002010|000003607013|
000002010|000005265002|
000002010|000002164015|
000002010|000003618008|
000002010|000004630014|
000002010|000003672014|
000002010|000003659014|
000002010|000004543009|
000002010|000003693005|
000002010|000003672009|
000002010|000003618003|
000002010|000006011003|
000002010|000004630003|
000002010|000003699011|
000002010|000002164016|
000002010|000003693007|
000002010|000003693006|
000002010|000003659008|
000002010|000003699014|
000002010|000003659006|
000002010|000004543005|
000002010|000004630010|
000002010|000003693014|
000002010|000003607007|
000002010|000004846008|
000002010|000003699003|
000002010|000003672016|
000002010|000004543007|
000002010|000002164020|
000002010|000006011005|
000002010|000003618014|
000002010|000004846019|
000002010|000005294003|
000002010|000002164021|
000002010|000005265003|
000002010|000003607016|
000002010|000004566006|
000002010|000003659016|
000002010|000002164027|
000002010|000003699004|
000002010|000004543006|
000002010|000004846015|
000002010|000004630009|
000002011|000005265002|
000002011|000003699003|
000002011|000003672009|
000002011|000003699004|
000002011|000006011005|
000002011|000003699007|
000002011|000005294002|
000002011|000002164015|
000002011|000003699002|
000002011|000003817008|
000002011|000004630010|
000002011|000003699014|
000002011|000003699011|
000002011|000004543006|
000002011|000003659008|
000002011|000004630013|
000002011|000004630016|
000002011|000003817002|
000002011|000004566006|
000002011|000003693007|
000002011|000003699009|
000002011|000002164016|
000002011|000003607013|
000002011|000004630003|
000002011|000004630006|
000002011|000003659002|
000002011|000004543009|
000002011|000002164009|
000002011|000003693005|
000002011|000003817005|
000002011|000002164020|
000002011|000002164021|
000002011|000003659006|
000002011|000004846019|
000002011|000003453002|
000002011|000005294003|
000002011|000003817013|
000002011|000003693006|
000002011|000005265003|
000002011|000003672016|
000002011|000003607016|
000002011|000003672014|
000002011|000003618014|
000002011|000006011003|
000002011|000003659016|
000002011|000003659014|
000002011|000004630014|
000002011|000003817006|
000002011|000004846015|
000002011|000002164027|
000002011|000003618008|
000002011|000003607014|
000002011|000003618004|
000002011|000003693009|
000002011|000003693010|
000002011|000003817004|
000002011|000004846008|
000002011|000004566010|
000002011|000003659012|
000002011|000003693014|
000002011|000003699016|
000002011|000003672013|
000002011|000004566011|
000002011|000003672012|
000002011|000003607007|
000002011|000003618003|
000002011|000004543012|
000002011|000003699005|
000002011|000003618017|
000002011|000004543005|
000002011|000004566018|
000002011|000004630011|
000002012|000003672004|
000002012|000003618008|
000002012|000003699007|
000002012|000003672006|
000002012|000002164012|
000002012|000003699002|
000002012|000002164010|
000002012|000003699004|
000002012|000004846015|
000002012|000003618004|
000002012|000003699005|
000002012|000003817004|
000002020|000003844003|
000002020|000003844005|
000002020|000003844007|
000002020|000003844002|
000002020|000003844004|
000002021|000002462002|
000002021|000002462033|
000002021|000006661002|
000002021|000006654002|
000002021|000006659002|
000002021|000006034011|
000002021|000006657002|
000002021|000006656002|
000002033|000002327030|
000002033|000002327012|
000002033|000002327009|
000002033|000002327011|
000002033|000002327016|
000002033|000002327013|
000002033|000002327029|
000002033|000002327015|
000002034|000002327030|
000002034|000002327029|
000002034|000002327009|
000002034|000002327011|
000002034|000002327012|
000002034|000002327016|
000002034|000002327015|
000002034|000002327013|
000002035|000002413008|
000002035|000004083003|
000002035|000006009003|
000002035|000002413014|
000002036|000003217002|
000002036|000002413014|
000002036|000003215002|
000002036|000002413012|
000002036|000003215003|
000002036|000002413025|
000002036|000003214002|
000002036|000002413019|
000002036|000002413008|
000002036|000003220002|
000002036|000002413010|
000002036|000006009004|
000002036|000006009003|
000002036|000006009002|
000002037|000002413025|
000002037|000006009002|
000002037|000002413014|
000002037|000002413021|
000002037|000003215002|
000002037|000003214002|
000002037|000003215003|
000002037|000006009003|
000002037|000002413016|
000002037|000002413015|
000002037|000002413019|
000002037|000003220002|
000002038|000004083003|
000002038|000002413008|
000002038|000002413014|
000002038|000006009003|
000002039|000002413015|
000002039|000002413023|
000002039|000002413014|
000002039|000002413016|
000002039|000003226002|
000002039|000004083009|
000002039|000006009003|
000002040|000002413012|
000002040|000002413019|
000002040|000003220002|
000002040|000002413010|
000002040|000003214002|
000002040|000002413014|
000002040|000006009004|
000002040|000002413025|
000002040|000006009003|
000002040|000002413008|
000002040|000003215002|
000002040|000006009002|
000002040|000003215003|
000002041|000002413015|
000002041|000006009003|
000002041|000003215003|
000002041|000002413016|
000002041|000003214002|
000002041|000002413021|
000002041|000006009002|
000002041|000003215002|
000002041|000002413025|
000002041|000002413019|
000002041|000002413014|
000002042|000003226002|
000002042|000002413010|
000002042|000002413023|
000002042|000002413008|
000002042|000002413012|
000002042|000004083009|
000002042|000004083003|
000002042|000006009003|
000002042|000002413014|
000002042|000004083008|
000002043|000006009003|
000002043|000002413015|
000002043|000003215003|
000002043|000002413021|
000002043|000006009002|
000002043|000002413019|
000002043|000003214002|
000002043|000002413025|
000002043|000002413014|
000002043|000003215002|
000002043|000004066004|
000002043|000002413016|
000002044|000002271009|
000002044|000002271002|
000002044|000002271003|
000002044|000002271033|
000002044|000002271006|
000002044|000002271020|
000002044|000002271029|
000002044|000002271005|
000002045|000002271008|
000002045|000002271020|
000002045|000002271028|
000002045|000002271029|
000002045|000002271018|
000002045|000002271017|
000002045|000002271005|
000002045|000002271003|
000002045|000002271033|
000002045|000002271002|
000002045|000002271014|
000002045|000002271006|
000002045|000002271016|
000002046|000002271005|
000002046|000002271020|
000002046|000002271006|
000002046|000002271002|
000002046|000002271009|
000002046|000002271033|
000002046|000002271003|
000002046|000002271029|
000002053|000002440025|
000002053|000002440004|
000002053|000002440022|
000002053|000002440020|
000002053|000002440023|
000002053|000002440002|
000002053|000002440019|
000002054|000002440022|
000002054|000002440020|
000002054|000002440025|
000002054|000002440004|
000002054|000002440002|
000002054|000002440023|
000002054|000002440019|
000002055|000002440004|
000002055|000002440023|
000002055|000002440022|
000002055|000006830002|
000002055|000002440019|
000002055|000002440025|
000002055|000003208002|
000002055|000002440002|
000002055|000002440020|
000002056|000006822002|
000002056|000002440023|
000002056|000002440002|
000002056|000002440006|
000002056|000002440004|
000002056|000002440020|
000002056|000002440019|
000002056|000002440022|
000002056|000002440025|
000002057|000002440002|
000002057|000002440016|
000002057|000002440004|
000002057|000002440022|
000002057|000002440020|
000002057|000002440023|
000002057|000002440025|
000002057|000002440019|
000002058|000002440025|
000002058|000002440020|
000002058|000002440022|
000002058|000002440016|
000002058|000002440002|
000002058|000002440004|
000002058|000002440028|
000002058|000002440023|
000002058|000002440019|
000002059|000002440019|
000002059|000002440020|
000002059|000002440022|
000002059|000002440004|
000002059|000002440023|
000002059|000002440002|
000002059|000002440025|
000002059|000002440016|
000002060|000002783008|
000002060|000002783010|
000002060|000002783007|
000002060|000002783005|
000002060|000002783009|
000002060|000002783013|
000002060|000002773002|
000002061|000002783009|
000002061|000005445005|
000002061|000005445002|
000002061|000002783013|
000002061|000005445008|
000002061|000002783012|
000002061|000005445003|
000002061|000002783008|
000002061|000002783023|
000002061|000005445004|
000002061|000002779002|
000002061|000002783005|
000002061|000005445007|
000002061|000002783010|
000002062|000003076016|
000002062|000003076014|
000002062|000003076006|
000002063|000003076006|
000002063|000003076013|
000002064|000003059002|
000002064|000003076006|
000002064|000003076002|
000002065|000006926008|
000002065|000003061002|
000002065|000003063002|
000002065|000006926009|
000002065|000006926005|
000002065|000003059002|
000002065|000003076016|
000002065|000003076014|
000002065|000003076013|
000002065|000003076007|
000002065|000005683007|
000002065|000003076006|
000002065|000005683006|
000002065|000003062002|
000002066|000003076003|
000002066|000006926008|
000002066|000003076006|
000002066|000003076027|
000002066|000006926009|
000002066|000003061002|
000002066|000003076010|
000002066|000005683008|
000002066|000006926007|
000002066|000005683006|
000002066|000003076015|
000002066|000003076017|
000002066|000003063002|
000002066|000003076023|
000002066|000005683007|
000002066|000003062002|
000002067|000003076026|
000002067|000003076006|
000002067|000003076002|
000002067|000003076028|
000002069|000006926008|
000002069|000005683006|
000002069|000003061002|
000002069|000003076020|
000002069|000003076006|
000002069|000006926004|
000002069|000003076015|
000002069|000003076029|
000002069|000006926009|
000002069|000003062002|
000002069|000003063002|
000002069|000005683007|
000002070|000005683007|
000002070|000005683006|
000002070|000006926008|
000002070|000003076013|
000002070|000003076016|
000002070|000003061002|
000002070|000003076006|
000002070|000003076007|
000002070|000003076014|
000002070|000006926005|
000002070|000003076002|
000002070|000003060002|
000002070|000003063002|
000002070|000006926009|
000002070|000003062002|
000002070|000003059002|
000002071|000005683007|
000002071|000006926009|
000002071|000003076015|
000002071|000006926004|
000002071|000003076006|
000002071|000006926008|
000002071|000005683006|
000002071|000003061002|
000002071|000003076029|
000002071|000003063002|
000002071|000003062002|
000002072|000006926008|
000002072|000003076029|
000002072|000005683007|
000002072|000005683006|
000002072|000003076006|
000002072|000003062002|
000002072|000003063002|
000002072|000003061002|
000002072|000003076015|
000002072|000006926009|
000002073|000003076016|
000002073|000003076002|
000002073|000003076006|
000002073|000003076014|
000002074|000003063002|
000002074|000003062002|
000002074|000005683006|
000002074|000005683007|
000002074|000003076006|
000002074|000006926008|
000002074|000006926009|
000002074|000003076015|
000002074|000003061002|
000002074|000006926004|
000002076|000002164010|
000002076|000002164009|
000002076|000002164035|
000002076|000002164012|
000002079|000002974016|
000002079|000002974009|
000002079|000002967002|
000002080|000002974015|
000002080|000002970002|
000002080|000003326004|
000002080|000002974026|
000002080|000002968002|
000002080|000002974012|
000002080|000002972002|
000002080|000003322002|
000002080|000002967002|
000002080|000002973002|
000002080|000002974009|
000002080|000002974011|
000002080|000002974016|
000002081|000005679002|
000002081|000002343015|
000002081|000002336002|
000002081|000005679003|
000002081|000002343034|
000002081|000005679005|
000002081|000002343006|
000002081|000005679004|
000002081|000002343016|
000002081|000002343003|
000002081|000002343028|
000002082|000002343022|
000002082|000005679003|
000002082|000002343015|
000002082|000005679002|
000002082|000002343028|
000002082|000002343003|
000002082|000002343016|
000002082|000002336002|
000002082|000002343034|
000002082|000002343006|
000002082|000005679005|
000002082|000005679004|
000002083|000005679003|
000002083|000002343006|
000002083|000005679004|
000002083|000002343015|
000002083|000002343016|
000002083|000005679005|
000002083|000002343028|
000002083|000005679002|
000002083|000002343021|
000002083|000002336002|
000002083|000002341002|
000002083|000002343027|
000002083|000002343025|
000002084|000002343028|
000002084|000002343015|
000002084|000002336002|
000002084|000002343030|
000002084|000005679005|
000002084|000002343027|
000002084|000005679004|
000002084|000005679002|
000002084|000002343006|
000002084|000002341002|
000002084|000005679003|
000002084|000002343025|
000002084|000002343016|
000002085|000002343019|
000002085|000002343029|
000002085|000002336002|
000002085|000002343031|
000002085|000005679003|
000002085|000002343011|
000002085|000002343009|
000002085|000002343006|
000002086|000002343029|
000002086|000002343031|
000002086|000002343009|
000002086|000002343006|
000002086|000002336002|
000002086|000002343011|
000002086|000002343019|
000002086|000005679003|
000002087|000002343029|
000002087|000002343026|
000002087|000002343031|
000002087|000002343019|
000002087|000002343006|
000002087|000002336002|
000002087|000005679003|
000002087|000002343009|
000002087|000002343011|
000002088|000002576028|
000002088|000002576025|
000002088|000002576029|
000002088|000002576008|
000002088|000002576034|
000002088|000002576033|
000002089|000006923005|
000002090|000003844007|
000002090|000003844004|
000002090|000003844002|
000002090|000003844003|
000002091|000003076013|
000002091|000003076006|
000002092|000002747009|
000002092|000002747011|
000002094|000002164027|
000002094|000002164020|
000002094|000002164009|
000002094|000002164021|
000002098|000003817004|
000002098|000003693014|
000002098|000004630013|
000002098|000002164027|
000002098|000002164015|
000002098|000003659016|
000002098|000004566011|
000002098|000004630003|
000002098|000003672014|
000002098|000003699011|
000002098|000003817008|
000002098|000003817002|
000002098|000003672009|
000002098|000003607007|
000002098|000005253003|
000002098|000002164007|
000002098|000003693007|
000002098|000003699014|
000002098|000003659008|
000002098|000004543012|
000002098|000002164021|
000002098|000003817005|
000002098|000004846015|
000002098|000003817006|
000002098|000003817013|
000002098|000004566010|
000002098|000003672012|
000002098|000003453002|
000002098|000003659014|
000002098|000004846008|
000002098|000004630016|
000002098|000004846019|
000002098|000003693009|
000002098|000003618003|
000002098|000004543005|
000002098|000003618004|
000002098|000005265003|
000002098|000003659006|
000002098|000004630014|
000002098|000002164005|
000002098|000004630011|
000002098|000003693005|
000002098|000006011005|
000002098|000004630010|
000002098|000003607014|
000002098|000003659002|
000002098|000003618014|
000002098|000003699004|
000002098|000002164016|
000002098|000005294002|
000002098|000002164020|
000002098|000003693010|
000002098|000003693006|
000002098|000003699003|
000002098|000005294003|
000002098|000003659012|
000002098|000005265002|
000002098|000004543009|
000002098|000004566006|
000002098|000003699009|
000002098|000003607013|
000002098|000003607016|
000002098|000003618017|
000002098|000003672016|
000002098|000003699016|
000002098|000004543006|
000002098|000006011003|
000002098|000004630006|
000002098|000002164009|
000002099|000003607007|
000002099|000002164027|
000002099|000003699004|
000002099|000003693005|
000002099|000004566018|
000002099|000004566009|
000002099|000004566004|
000002099|000002164021|
000002099|000004846015|
000002099|000003699003|
000002099|000003659008|
000002099|000003817007|
000002099|000003817003|
000002099|000005294003|
000002099|000003453002|
000002099|000003672008|
000002099|000003659012|
000002099|000005253002|
000002099|000004566006|
000002099|000002164007|
000002099|000003699011|
000002099|000005265003|
000002099|000003699015|
000002099|000003672009|
000002099|000003817002|
000002099|000005986002|
000002099|000003693014|
000002099|000004630003|
000002099|000005253003|
000002099|000003817004|
000002099|000004630012|
000002099|000004846007|
000002099|000003817009|
000002099|000003607014|
000002099|000003618007|
000002099|000003693007|
000002099|000003659002|
000002099|000003693006|
000002099|000003693013|
000002099|000005294002|
000002099|000003672012|
000002099|000002164005|
000002099|000005265002|
000002099|000004630014|
000002099|000003618004|
000002099|000003659006|
000002099|000004543010|
000002099|000004630006|
000002099|000003607015|
000002099|000003659015|
000002099|000005986003|
000002099|000002164020|
000002099|000004846019|
000002099|000004543005|
000002099|000004630016|
000002099|000003618003|
000002099|000003699008|
000002099|000003817013|
000002099|000005986004|
000002099|000003817012|
000002100|000003607014|
000002100|000004543006|
000002100|000003817008|
000002100|000003618017|
000002100|000004630013|
000002100|000002164016|
000002100|000003672016|
000002100|000003607007|
000002100|000004846015|
000002100|000003693005|
000002100|000003699009|
000002100|000003699011|
000002100|000004630010|
000002100|000003693014|
000002100|000004630016|
000002100|000002164020|
000002100|000002164015|
000002100|000003817004|
000002100|000003618003|
000002100|000004630014|
000002100|000003672009|
000002100|000003817006|
000002100|000003817002|
000002100|000003693007|
000002100|000004630006|
000002100|000003659014|
000002100|000003659002|
000002100|000004543012|
000002100|000002164027|
000002100|000003659006|
000002100|000005265002|
000002100|000002164007|
000002100|000004566004|
000002100|000004566011|
000002100|000003607016|
000002100|000003672014|
000002100|000003618014|
000002100|000003699016|
000002100|000003817013|
000002100|000003618004|
000002100|000004543009|
000002100|000004566010|
000002100|000003817005|
000002100|000003659012|
000002100|000004543005|
000002100|000002164021|
000002100|000006011003|
000002100|000005294003|
000002100|000004630011|
000002100|000003693010|
000002100|000003453002|
000002100|000004566006|
000002100|000005253003|
000002100|000002164005|
000002100|000003699014|
000002100|000004630003|
000002100|000003659016|
000002100|000003693009|
000002100|000003607013|
000002100|000004846008|
000002100|000003672012|
000002100|000005265003|
000002100|000003659008|
000002100|000004846019|
000002100|000006011005|
000002100|000005294002|
000002100|000003699003|
000002100|000002164009|
000002100|000003693006|
000002101|000003672012|
000002101|000002164007|
000002101|000003817002|
000002101|000003699015|
000002101|000003693007|
000002101|000003672009|
000002101|000004543010|
000002101|000003618003|
000002101|000005265003|
000002101|000003693014|
000002101|000004543005|
000002101|000004846019|
000002101|000003607015|
000002101|000004566009|
000002101|000003699003|
000002101|000005294003|
000002101|000005294002|
000002101|000005253003|
000002101|000003659012|
000002101|000002164003|
000002101|000002164020|
000002101|000002164027|
000002101|000003817012|
000002101|000005253002|
000002101|000005986003|
000002101|000005986004|
000002101|000003817013|
000002101|000003699002|
000002101|000003699011|
000002101|000005986002|
000002101|000003699007|
000002101|000003659002|
000002101|000004630014|
000002101|000004630012|
000002101|000003817009|
000002101|000004846007|
000002101|000005265002|
000002101|000004630016|
000002101|000004566018|
000002101|000003699008|
000002101|000003618004|
000002101|000003659006|
000002101|000003607014|
000002101|000003618007|
000002101|000003699004|
000002101|000004630003|
000002101|000003659008|
000002101|000003817004|
000002101|000002164005|
000002101|000003817007|
000002101|000004630006|
000002101|000003607007|
000002101|000004566006|
000002101|000003693005|
000002101|000003817016|
000002101|000003693013|
000002101|000003693006|
000002101|000002164021|
000002101|000003672008|
000002101|000003817003|
000002101|000003699005|
000002101|000004846015|
000002101|000003453002|
000002101|000003659015|
000002102|000004566015|
000002102|000004566013|
000002102|000004846016|
000002102|000005986002|
000002102|000003191002|
000002102|000003659015|
000002102|000003190002|
000002102|000004543010|
000002102|000003607007|
000002102|000003817012|
000002102|000003618003|
000002102|000003817002|
000002102|000005253002|
000002102|000004566009|
000002102|000003618007|
000002102|000003699004|
000002102|000004630006|
000002102|000003699015|
000002102|000005294003|
000002102|000003607015|
000002102|000003618004|
000002102|000004630016|
000002102|000003191003|
000002102|000002164017|
000002102|000003607014|
000002102|000004846007|
000002102|000005265002|
000002102|000003618008|
000002102|000003817004|
000002102|000004630012|
000002102|000003817007|
000002102|000003817009|
000002102|000004846015|
000002102|000004630014|
000002102|000003693005|
000002102|000002164007|
000002102|000003693013|
000002102|000004566005|
000002102|000005986004|
000002102|000003817003|
000002102|000003693006|
000002102|000005253003|
000002102|000003618002|
000002102|000003693007|
000002102|000003618009|
000002102|000003672008|
000002102|000005986003|
000002102|000005294002|
000002102|000003699003|
000002102|000002164005|
000002102|000002164019|
000002102|000003659006|
000002103|000004630012|
000002103|000002164020|
000002103|000004630003|
000002103|000003659008|
000002103|000003618004|
000002103|000003693014|
000002103|000004630016|
000002103|000003672012|
000002103|000004846019|
000002103|000003693006|
000002103|000004846007|
000002103|000003607007|
000002103|000004630014|
000002103|000002164027|
000002103|000005265003|
000002103|000002164021|
000002103|000003607015|
000002103|000004566006|
000002103|000003618008|
000002103|000005986004|
000002103|000003817003|
000002103|000003817004|
000002103|000003699008|
000002103|000003672009|
000002103|000003693005|
000002103|000003699011|
000002103|000005986003|
000002103|000003607014|
000002103|000003817007|
000002103|000003693013|
000002103|000003659015|
000002103|000005294003|
000002103|000003453002|
000002103|000003659006|
000002103|000003699005|
000002103|000003618007|
000002103|000002164005|
000002103|000003618003|
000002103|000005265002|
000002103|000003817002|
000002103|000003659012|
000002103|000003817013|
000002103|000003672008|
000002103|000005253003|
000002103|000005253002|
000002103|000003699003|
000002103|000003817012|
000002103|000002164007|
000002103|000004846015|
000002103|000003817009|
000002103|000003659002|
000002103|000003699015|
000002103|000004543005|
000002103|000003693007|
000002103|000002164008|
000002103|000004566009|
000002103|000005986002|
000002103|000004543010|
000002103|000005294002|
000002103|000004630006|
000002104|000003618004|
000002104|000004630006|
000002104|000003699005|
000002104|000003191002|
000002104|000003607007|
000002104|000003191003|
000002104|000002164019|
000002104|000003618009|
000002104|000004566015|
000002104|000003693005|
000002104|000003190002|
000002104|000004566013|
000002104|000005253003|
000002104|000003618002|
000002104|000004630016|
000002104|000003659006|
000002104|000002164005|
000002104|000003618008|
000002104|000004630014|
000002104|000003618003|
000002104|000004846016|
000002104|000004846015|
000002104|000002164007|
000002104|000003817004|
000002104|000004566005|
000002104|000003607014|
000002104|000002164017|
000002105|000003672006|
000002105|000003618008|
000002105|000002164010|
000002105|000004543011|
000002108|000002747009|
000002108|000002747016|
000002108|000002747015|
000002109|000002747016|
000002109|000002747015|
000002109|000002747032|
000002110|000002747029|
000002110|000002747002|
000002110|000002747032|
000002110|000002747022|
000002111|000002747017|
000002112|000002747029|
000002112|000002747017|
000002112|000002747019|
000002112|000002747022|
000002114|000002747021|
000002114|000002747017|
000002115|000002747030|
000002115|000002747028|
000002115|000002747017|
000002116|000002747002|
000002116|000002747022|
000002116|000002747029|
000002116|000002747004|
000002116|000002747030|
000002163|000003672012|
000002163|000003693010|
000002163|000004630016|
000002163|000003607016|
000002163|000002164009|
000002163|000003699009|
000002163|000005265003|
000002163|000002164020|
000002163|000003699014|
000002163|000003817008|
000002163|000003659008|
000002163|000004543006|
000002163|000004846015|
000002163|000003607007|
000002163|000003699003|
000002163|000003693006|
000002163|000005265002|
000002163|000003693005|
000002163|000006011005|
000002163|000003659012|
000002163|000003817005|
000002163|000003672009|
000002163|000004543004|
000002163|000003699016|
000002163|000004543012|
000002163|000004543009|
000002163|000002164015|
000002163|000003618004|
000002163|000003618014|
000002163|000004846008|
000002163|000003453002|
000002163|000003607004|
000002163|000002164007|
000002163|000003693014|
000002163|000003672014|
000002163|000002164005|
000002163|000005294003|
000002163|000004566010|
000002163|000004630011|
000002163|000006011003|
000002163|000004566011|
000002163|000002164016|
000002163|000003659016|
000002163|000005253003|
000002163|000003817004|
000002163|000004630014|
000002163|000003817006|
000002163|000004543015|
000002163|000003618008|
000002163|000003659014|
000002163|000003618017|
000002163|000003618003|
000002163|000003672016|
000002163|000004543008|
000002163|000003659006|
000002163|000003659002|
000002163|000004630013|
000002163|000002164027|
000002163|000004566006|
000002163|000003693009|
000002163|000003180002|
000002163|000003607014|
000002163|000003699004|
000002163|000002164008|
000002163|000004630003|
000002163|000003817002|
000002163|000003607013|
000002163|000003693007|
000002163|000003817013|
000002163|000004846019|
000002163|000004543005|
000002163|000005294002|
000002163|000003699011|
000002163|000002164021|
000002163|000004630010|
000002163|000004630006|
000002173|000005265003|
000002173|000004566010|
000002173|000004543006|
000002173|000002164009|
000002173|000003693006|
000002173|000006923004|
000002173|000003618014|
000002173|000003659012|
000002173|000003693010|
000002173|000003672014|
000002173|000004846019|
000002173|000005253003|
000002173|000003817005|
000002173|000003693009|
000002173|000003618003|
000002173|000003693014|
000002173|000004630003|
000002173|000003607007|
000002173|000003618017|
000002173|000006923003|
000002173|000003817013|
000002173|000004543009|
000002173|000004630011|
000002173|000004543015|
000002173|000003817006|
000002173|000002164005|
000002173|000003672012|
000002173|000004566006|
000002173|000006011005|
000002173|000002164027|
000002173|000002164007|
000002173|000003699009|
000002173|000004543012|
000002173|000002164016|
000002173|000002164015|
000002173|000003699003|
000002173|000003699004|
000002173|000003618004|
000002173|000003659008|
000002173|000005294003|
000002173|000003817004|
000002173|000003699011|
000002173|000002164029|
000002173|000003194002|
000002173|000003607016|
000002173|000003659002|
000002173|000003659016|
000002173|000002164035|
000002173|000004543008|
000002173|000003453002|
000002173|000004630013|
000002173|000003699014|
000002173|000003672009|
000002173|000005265002|
000002173|000003817008|
000002173|000003693007|
000002173|000002164021|
000002173|000006011003|
000002173|000004543005|
000002173|000006923008|
000002173|000003607013|
000002173|000004543004|
000002173|000003607004|
000002173|000004630014|
000002173|000003607014|
000002173|000003659006|
000002173|000004630006|
000002173|000005294002|
000002173|000004630016|
000002173|000003659004|
000002173|000004846008|
000002173|000004630010|
000002173|000003672016|
000002173|000002164020|
000002173|000004566011|
000002173|000004846015|
000002173|000003817002|
000002173|000003659014|
000002173|000003699016|
000002173|000003693005|
000002173|000002164025|
000002173|000002164024|
000002190|000003607007|
000002190|000002164009|
000002190|000003817006|
000002190|000003618003|
000002190|000004630010|
000002190|000003607013|
000002190|000004846016|
000002190|000003191003|
000002190|000003618008|
000002190|000003693006|
000002190|000006011003|
000002190|000003693009|
000002190|000004566005|
000002190|000004630014|
000002190|000003618009|
000002190|000003618004|
000002190|000005265002|
000002190|000004566010|
000002190|000003672012|
000002190|000003693007|
000002190|000003699014|
000002190|000003817002|
000002190|000004543012|
000002190|000005294002|
000002190|000002164015|
000002190|000004846015|
000002190|000002164019|
000002190|000005294003|
000002190|000004566015|
000002190|000004543006|
000002190|000003659006|
000002190|000004566013|
000002190|000003191002|
000002190|000004630013|
000002190|000005253003|
000002190|000004630016|
000002190|000003659016|
000002190|000004846008|
000002190|000003607014|
000002190|000002164007|
000002190|000003672014|
000002190|000003699003|
000002190|000002164016|
000002190|000003693010|
000002190|000003607016|
000002190|000004566011|
000002190|000004630011|
000002190|000003618002|
000002190|000003618017|
000002190|000003699016|
000002190|000004543009|
000002190|000003618014|
000002190|000004630006|
000002190|000003817005|
000002190|000003659014|
000002190|000003693005|
000002190|000003817008|
000002190|000002164017|
000002190|000003190002|
000002190|000002164005|
000002190|000003817004|
000002190|000003672016|
000002190|000003699009|
000002190|000003699004|
000002190|000006011005|
000002190|000002164013|
000002199|000003693005|
000002199|000006011003|
000002199|000003693010|
000002199|000003699016|
000002199|000003693014|
000002199|000004566006|
000002199|000003693006|
000002199|000004543005|
000002199|000004630006|
000002199|000004630013|
000002199|000003693009|
000002199|000003618003|
000002199|000003618017|
000002199|000004630016|
000002199|000003607007|
000002199|000003618014|
000002199|000003607013|
000002199|000003659016|
000002199|000005253003|
000002199|000003659006|
000002199|000003672012|
000002199|000004543012|
000002199|000003699009|
000002199|000003672013|
000002199|000002164020|
000002199|000003672014|
000002199|000003699014|
000002199|000003817008|
000002199|000005294003|
000002199|000005294002|
000002199|000004630003|
000002199|000004566011|
000002199|000006011005|
000002199|000002164021|
000002199|000003659002|
000002199|000003817013|
000002199|000004543006|
000002199|000003699004|
000002199|000003659014|
000002199|000003453002|
000002199|000002164027|
000002199|000003817005|
000002199|000004543009|
000002199|000004630010|
000002199|000002164015|
000002199|000003672009|
000002199|000003607016|
000002199|000004846015|
000002199|000004630011|
000002199|000003817002|
000002199|000003693007|
000002199|000003659012|
000002199|000003672016|
000002199|000003817004|
000002199|000004630014|
000002199|000002164005|
000002199|000003618004|
000002199|000005265003|
000002199|000003659008|
000002199|000003699011|
000002199|000004566010|
000002199|000002164009|
000002199|000003817006|
000002199|000003699003|
000002199|000003607014|
000002199|000002164016|
000002199|000004846019|
000002199|000004846008|
000002199|000005265002|
000002199|000002164007|
000002202|000003699011|
000002202|000003672008|
000002202|000005265003|
000002202|000004566009|
000002202|000003618008|
000002202|000003699003|
000002202|000003618007|
000002202|000003817002|
000002202|000004846007|
000002202|000005986002|
000002202|000005294002|
000002202|000003817009|
000002202|000002164021|
000002202|000003817003|
000002202|000003607014|
000002202|000005253003|
000002202|000004846019|
000002202|000004543010|
000002202|000004630012|
000002202|000002164020|
000002202|000003618003|
000002202|000004846015|
000002202|000003672009|
000002202|000002164027|
000002202|000003659015|
000002202|000003693007|
000002202|000005986004|
000002202|000002164033|
000002202|000003659002|
000002202|000003659008|
000002202|000003607015|
000002202|000005253002|
000002202|000005294003|
000002202|000003659012|
000002202|000003693005|
000002202|000002164007|
000002202|000003693006|
000002202|000004630016|
000002202|000004630014|
000002202|000002164005|
000002202|000005986003|
000002202|000003817013|
000002202|000003817012|
000002202|000003672012|
000002202|000003693014|
000002202|000003453002|
000002202|000003817007|
000002202|000004630003|
000002202|000003659006|
000002202|000003817004|
000002202|000004630006|
000002202|000004566006|
000002202|000005265002|
000002202|000003618004|
000002202|000002164008|
000002202|000003699008|
000002202|000003693013|
000002202|000003607007|
000002202|000003699015|
000002202|000004543005|
000002203|000002235005|
000002203|000003829006|
000002203|000003829005|
000002217|000004846019|
000002217|000003699015|
000002217|000003453002|
000002217|000003817007|
000002217|000003693013|
000002217|000003817009|
000002217|000003659006|
000002217|000004566018|
000002217|000004846007|
000002217|000003817016|
000002217|000002164007|
000002217|000003618007|
000002217|000005986002|
000002217|000002164020|
000002217|000003659012|
000002217|000003699003|
000002217|000004566009|
000002217|000004543010|
000002217|000002164027|
000002217|000003607007|
000002217|000003699004|
000002217|000003618003|
000002217|000003693014|
000002217|000003817013|
000002217|000004846015|
000002217|000003659002|
000002217|000003699008|
000002217|000003672008|
000002217|000004630006|
000002217|000003659008|
000002217|000004543005|
000002217|000005294003|
000002217|000003672009|
000002217|000005265002|
000002217|000003618008|
000002217|000003699011|
000002217|000004630003|
000002217|000005294002|
000002217|000003659015|
000002217|000003607015|
000002217|000005253002|
000002217|000005265003|
000002217|000004630016|
000002217|000005253003|
000002217|000003693006|
000002217|000003693005|
000002217|000003817003|
000002217|000002164006|
000002217|000002164021|
000002217|000004630014|
000002217|000003699007|
000002217|000003817004|
000002217|000003672012|
000002217|000003699005|
000002217|000005986004|
000002217|000003607014|
000002217|000003618004|
000002217|000003817012|
000002217|000002164005|
000002217|000003817002|
000002217|000004566006|
000002217|000005986003|
000002217|000003693007|
000002217|000003699002|
000002217|000004630012|
000002234|000002164021|
000002234|000003817002|
000002234|000003817003|
000002234|000002164027|
000002234|000003817013|
000002234|000003607007|
000002234|000003693006|
000002234|000004566004|
000002234|000004630006|
000002234|000003699015|
000002234|000003817004|
000002234|000003659008|
000002234|000003693013|
000002234|000005986002|
000002234|000003817009|
000002234|000003607014|
000002234|000003817016|
000002234|000003693005|
000002234|000003693007|
000002234|000003659002|
000002234|000005294002|
000002234|000005265002|
000002234|000004846015|
000002234|000003699011|
000002234|000003672008|
000002234|000005986004|
000002234|000003618007|
000002234|000003699004|
000002234|000003817007|
000002234|000003693014|
000002234|000004630003|
000002234|000004846007|
000002234|000003672009|
000002234|000004566009|
000002234|000003699005|
000002234|000004630012|
000002234|000004566006|
000002234|000004846019|
000002234|000003672012|
000002234|000003453002|
000002234|000005294003|
000002234|000003659015|
000002234|000003607015|
000002234|000004630016|
000002234|000003618008|
000002234|000003699003|
000002234|000003659012|
000002234|000003699008|
000002234|000005265003|
000002234|000004566018|
000002234|000004630014|
000002234|000003659006|
000002234|000003699007|
000002234|000004543005|
000002234|000003699002|
000002234|000003817012|
000002234|000002164004|
000002234|000005986003|
000002234|000003618003|
000002234|000002164020|
000002234|000004543010|
000002234|000003618004|
000002252|000003191003|
000002252|000002164010|
000002252|000004566013|
000002252|000003618008|
000002252|000003190002|
000002252|000003191002|
000002252|000004566007|
000002252|000003618004|
000002252|000004566015|
000002252|000002164019|
000002252|000004566005|
000002252|000004566014|
000002252|000003672006|
000002252|000002164017|
000002255|000003191003|
000002255|000004566014|
000002255|000004566013|
000002255|000003672006|
000002255|000004566007|
000002255|000003190002|
000002255|000002164010|
000002255|000003618008|
000002255|000003191002|
000002255|000004566005|
000002255|000003618004|
000002255|000004566015|
000002255|000002164019|
000002255|000002164017|
000002258|000003699005|
000002258|000002164019|
000002258|000002164010|
000002258|000003191003|
000002258|000003190002|
000002258|000004566013|
000002258|000002164017|
000002258|000004566014|
000002258|000004566007|
000002258|000003672006|
000002258|000004566015|
000002258|000003191002|
000002258|000003618004|
000002258|000004566005|
000002258|000003618008|
000002263|000003699005|
000002263|000003618004|
000002263|000003618008|
000002263|000003191003|
000002263|000004566013|
000002263|000002164017|
000002263|000004566007|
000002263|000003672006|
000002263|000004566014|
000002263|000004566005|
000002263|000003190002|
000002263|000002164010|
000002263|000003191002|
000002263|000002164019|
000002263|000004566015|
000002266|000004543011|
000002266|000002164010|
000002266|000003672006|
000002266|000003618004|
000002266|000003618008|
000002266|000002164035|
000002267|000002164035|
000002267|000003618008|
000002267|000004543011|
000002267|000002164032|
000002267|000003618004|
000002267|000003672006|
000002267|000002164010|
000002267|000003699005|
000002268|000002164035|
000002268|000004543011|
000002268|000003618008|
000002268|000002164010|
000002268|000003618004|
000002268|000003699005|
000002268|000003672006|
000002268|000002164032|
000002269|000002164035|
000002269|000002164032|
000002269|000004543011|
000002269|000002164010|
000002269|000003618008|
000002269|000003618004|
000002269|000003672006|
000002269|000003699005|
000002270|000002164010|
000002270|000006923005|
000002270|000003672006|
000002270|000003699005|
000002270|000003699007|
000002270|000003699002|
000002271|000002164018|
000002271|000004543006|
000002271|000002164009|
000002271|000002164027|
000002271|000002164020|
000002271|000002164021|
000002272|000002164020|
000002272|000002164021|
000002272|000004543005|
000002272|000002164027|
000002272|000002164009|
000002272|000004543006|
000002273|000004543006|
000002273|000002164027|
000002273|000002164020|
000002273|000002164018|
000002273|000002164009|
000002273|000002164021|
000002274|000002164014|
000002274|000002164027|
000002274|000004543006|
000002274|000002164021|
000002274|000002164009|
000002274|000002164020|
000002275|000004543012|
000002275|000002164020|
000002275|000004543006|
000002275|000004543005|
000002275|000002164016|
000002275|000004543018|
000002275|000002164015|
000002275|000004543009|
000002275|000002164018|
000002275|000002164009|
000002275|000002164027|
000002275|000002164021|
000002275|000002164014|
000002276|000004543007|
000002276|000002164007|
000002276|000002164027|
000002276|000004543006|
000002276|000002164005|
000002276|000002164020|
000002276|000002164009|
000002276|000002164021|
000002277|000002164035|
000002277|000002164010|
000002277|000002164009|
000002277|000004543007|
000002277|000002164012|
000002277|000002164016|
000002278|000002164020|
000002278|000002164027|
000002278|000002164021|
000002278|000002164018|
000002278|000002164013|
000002278|000004543006|
000002278|000002164009|
000002279|000002164027|
000002279|000004543015|
000002279|000002164021|
000002279|000004543008|
000002279|000002164013|
000002279|000002164009|
000002279|000002164018|
000002279|000004543004|
000002279|000004543006|
000002280|000004543006|
000002280|000002164020|
000002280|000002164009|
000002280|000002164027|
000002280|000002164021|
000002281|000002164027|
000002281|000004543008|
000002281|000004543004|
000002281|000004543006|
000002281|000002164021|
000002281|000002164009|
000002281|000004543015|
000002282|000004543016|
000002282|000004543014|
000002282|000002164018|
000002282|000002164027|
000002282|000002164021|
000002282|000002164020|
000002282|000004543005|
000002282|000004543002|
000002283|000002164021|
000002283|000002164009|
000002283|000004543005|
000002283|000004543009|
000002283|000002164018|
000002283|000004543014|
000002283|000002164020|
000002283|000002164016|
000002283|000004543006|
000002283|000002164027|
000002283|000004543012|
000002283|000002164015|
000002284|000002164010|
000002284|000004543015|
000002284|000004543004|
000002285|000004543005|
000002285|000002164018|
000002285|000004543002|
000002285|000004543004|
000002285|000004543016|
000002285|000002164021|
000002285|000004543015|
000002285|000002164027|
000002286|000004543005|
000002286|000004543004|
000002286|000002164021|
000002286|000004543015|
000002286|000002164007|
000002286|000002164005|
000002286|000002164027|
000002287|000002164010|
000002287|000002164012|
000002288|000002164035|
000002288|000002164010|
000002288|000004543011|
000002289|000002164021|
000002289|000004566006|
000002289|000002164009|
000002289|000002164020|
000002289|000002164027|
000002289|000004566004|
000002290|000002164009|
000002290|000002164021|
000002290|000002164004|
000002290|000004566006|
000002290|000002164020|
000002290|000002164027|
000002290|000004566004|
000002291|000003191002|
000002291|000004566005|
000002291|000004566013|
000002291|000003191003|
000002291|000004566018|
000002291|000003190002|
000002291|000004566015|
000002291|000002164017|
000002291|000002164019|
000002291|000002164009|
000002292|000002164027|
000002292|000002164020|
000002292|000004566006|
000002292|000002164021|
000002292|000002164009|
000002292|000004566004|
000002293|000002164009|
000002293|000002164013|
000002293|000002164020|
000002293|000004566004|
000002293|000002164027|
000002293|000004566006|
000002293|000002164021|
000002294|000002164015|
000002294|000004566004|
000002294|000004566010|
000002294|000002164020|
000002294|000002164021|
000002294|000004566006|
000002294|000004566018|
000002294|000004566011|
000002294|000002164013|
000002294|000002164016|
000002294|000002164018|
000002294|000002164009|
000002294|000002164027|
000002295|000002164009|
000002295|000004566007|
000002295|000004566010|
000002295|000002164017|
000002295|000004566013|
000002295|000004566005|
000002295|000002164016|
000002295|000003190002|
000002295|000004566015|
000002295|000003191002|
000002295|000003191003|
000002295|000004566014|
000002295|000002164019|
000002295|000002164010|
000002296|000004566006|
000002296|000002164009|
000002296|000002164021|
000002296|000002164005|
000002296|000002164007|
000002296|000002164027|
000002296|000002164020|
000002297|000002164013|
000002297|000002164016|
000002297|000002164027|
000002297|000002164015|
000002297|000002164004|
000002297|000002164009|
000002297|000004566006|
000002297|000004566004|
000002297|000004566010|
000002297|000004566018|
000002297|000002164021|
000002297|000002164020|
000002297|000004566011|
000002298|000002164020|
000002298|000004566006|
000002298|000002164027|
000002298|000002164015|
000002298|000002164009|
000002298|000002164014|
000002298|000004566011|
000002298|000004566004|
000002298|000002164021|
000002298|000002164016|
000002298|000004566010|
000002298|000002164004|
000002299|000004566011|
000002299|000002164020|
000002299|000004566010|
000002299|000002164004|
000002299|000004566006|
000002299|000002164015|
000002299|000002164021|
000002299|000002164027|
000002299|000004566004|
000002299|000002164009|
000002299|000002164016|
000002300|000004566006|
000002300|000002164020|
000002300|000002164004|
000002300|000002164021|
000002300|000004566018|
000002300|000004566009|
000002300|000004566004|
000002300|000002164027|
000002301|000004566008|
000002301|000004566004|
000002301|000002164004|
000002301|000002164020|
000002301|000002164021|
000002301|000002164027|
000002301|000004566006|
000002301|000004566009|
000002302|000002164027|
000002302|000004566018|
000002302|000002164021|
000002302|000004566004|
000002302|000002164004|
000002302|000004566009|
000002302|000002164020|
000002302|000004566006|
000002303|000002164015|
000002303|000004566015|
000002303|000003191002|
000002303|000004566010|
000002303|000004566017|
000002303|000004566013|
000002303|000002164017|
000002303|000002164016|
000002303|000003190002|
000002303|000002164014|
000002303|000002164009|
000002303|000004566005|
000002303|000002164019|
000002303|000004566018|
000002303|000003191003|
000002303|000004566011|
000002304|000004566015|
000002304|000004566018|
000002304|000004566017|
000002304|000002164015|
000002304|000004566011|
000002304|000004566013|
000002304|000004566005|
000002304|000003191002|
000002304|000003190002|
000002304|000002164019|
000002304|000002164017|
000002304|000002164009|
000002304|000002164016|
000002304|000004566010|
000002304|000003191003|
000002305|000002164009|
000002305|000003190002|
000002305|000002164017|
000002305|000004566015|
000002305|000002164016|
000002305|000003191002|
000002305|000004566017|
000002305|000003191003|
000002305|000002164015|
000002305|000004566011|
000002305|000004566013|
000002305|000004566005|
000002305|000002164019|
000002305|000004566018|
000002305|000004566010|
000002306|000002164031|
000002306|000002164019|
000002306|000002164017|
000002306|000004566013|
000002306|000004566005|
000002306|000003191002|
000002306|000004566015|
000002306|000004566018|
000002306|000004566009|
000002306|000004566017|
000002306|000003191003|
000002306|000003190002|
000002307|000003191003|
000002307|000004566005|
000002307|000004566007|
000002307|000004566015|
000002307|000004566014|
000002307|000003191002|
000002307|000004566013|
000002307|000002164017|
000002307|000002164019|
000002307|000003190002|
000002307|000002164010|
000002308|000003190002|
000002308|000004566014|
000002308|000004566018|
000002308|000003191002|
000002308|000002164010|
000002308|000004566005|
000002308|000003191003|
000002308|000004566015|
000002308|000004566013|
000002308|000002164017|
000002308|000004566007|
000002308|000002164019|
000002309|000004566005|
000002309|000004566013|
000002309|000002164010|
000002309|000003190002|
000002309|000004566015|
000002309|000004566007|
000002309|000003191003|
000002310|000004566007|
000002310|000004566005|
000002310|000004566013|
000002310|000003190002|
000002310|000003191003|
000002310|000004566015|
000002310|000002164010|
000002311|000004846019|
000002311|000002164021|
000002311|000002164016|
000002311|000006011005|
000002311|000004846015|
000002311|000004846018|
000002311|000002164020|
000002311|000004846005|
000002311|000002164027|
000002311|000002164015|
000002311|000004846008|
000002311|000002164009|
000002311|000006011003|
000002312|000004846019|
000002312|000004846015|
000002312|000002164009|
000002312|000006011005|
000002312|000002164020|
000002312|000006011003|
000002312|000002164021|
000002312|000002164027|
000002313|000002164027|
000002313|000004846015|
000002313|000002164021|
000002313|000006011003|
000002313|000004846019|
000002313|000002164020|
000002313|000006011005|
000002313|000002164009|
000002313|000002164013|
000002314|000002164027|
000002314|000002164009|
000002314|000002164021|
000002314|000004846015|
000002314|000006011003|
000002314|000002164020|
000002314|000004846019|
000002314|000006011005|
000002315|000002164027|
000002315|000004846015|
000002315|000004846007|
000002315|000002164034|
000002315|000002164033|
000002315|000002164021|
000002315|000002164020|
000002315|000004846019|
000002316|000002164035|
000002316|000004846019|
000002316|000006011003|
000002316|000006011002|
000002316|000006011005|
000002316|000004846007|
000002316|000002164021|
000002316|000002164020|
000002316|000002164027|
000002316|000004846015|
000002317|000004846007|
000002317|000002164004|
000002317|000002164027|
000002317|000002164021|
000002317|000002164020|
000002317|000004846015|
000002317|000004846019|
000002318|000004846016|
000002318|000002164019|
000002318|000004846007|
000002318|000004846015|
000002318|000002164017|
000002319|000002164010|
000002319|000004846017|
000002322|000002164004|
000002322|000004630003|
000002322|000002164021|
000002322|000004630016|
000002322|000002164027|
000002322|000004630006|
000002322|000002164009|
000002322|000004630014|
000002322|000002164020|
000002323|000004630014|
000002323|000004630006|
000002323|000002164020|
000002323|000002164021|
000002323|000002164027|
000002323|000002164004|
000002323|000004630009|
000002323|000004630003|
000002323|000004630016|
000002323|000002164009|
000002324|000002164009|
000002325|000002164012|
000002325|000002164010|
000002325|000002164009|
000002325|000002164035|
000002326|000004630006|
000002326|000002164009|
000002326|000004630014|
000002326|000002164020|
000002326|000002164021|
000002326|000004630016|
000002326|000002164004|
000002326|000004630003|
000002326|000002164027|
000002327|000004630016|
000002327|000002164021|
000002327|000004630006|
000002327|000002164013|
000002327|000002164020|
000002327|000002164027|
000002327|000004630014|
000002327|000004630003|
000002327|000002164009|
000002328|000002164005|
000002328|000002164021|
000002328|000004630006|
000002328|000002164009|
000002328|000004630003|
000002328|000004630014|
000002328|000002164020|
000002328|000002164007|
000002328|000002164027|
000002328|000004630016|
000002329|000002164009|
000002329|000002164020|
000002329|000002164027|
000002329|000004630014|
000002329|000004630006|
000002329|000004630016|
000002329|000002164021|
000002329|000004630003|
000002330|000004630014|
000002330|000002164009|
000002330|000004630006|
000002330|000004630016|
000002330|000004630007|
000002331|000004630014|
000002331|000002164009|
000002331|000004630016|
000002331|000004630007|
000002331|000004630006|
000002332|000002164015|
000002332|000002164016|
000002332|000002164021|
000002332|000004630013|
000002332|000003194002|
000002332|000004630011|
000002332|000004630006|
000002332|000004630010|
000002332|000002164004|
000002332|000002164020|
000002332|000004630003|
000002332|000004630016|
000002332|000002164009|
000002332|000004630014|
000002332|000002164027|
000002333|000002164015|
000002333|000004630011|
000002333|000004630010|
000002333|000004630013|
000002333|000004630014|
000002333|000002164009|
000002333|000004630016|
000002333|000004630007|
000002333|000004630006|
000002333|000002164016|
000002334|000004630010|
000002334|000002164009|
000002334|000004630011|
000002334|000002164016|
000002334|000004630006|
000002334|000002164015|
000002334|000004630013|
000002334|000004630007|
000002334|000004630014|
000002334|000004630016|
000002335|000002164004|
000002335|000004630014|
000002335|000002164027|
000002335|000004630016|
000002335|000002164021|
000002335|000002164020|
000002335|000004630003|
000002335|000004630006|
000002335|000003194002|
000002335|000004630012|
000002336|000002164027|
000002336|000004630012|
000002336|000004630006|
000002336|000002164021|
000002336|000002164020|
000002336|000004630003|
000002336|000004630016|
000002336|000002164004|
000002336|000004630014|
000002337|000004630006|
000002337|000004630012|
000002337|000002164027|
000002337|000002164020|
000002337|000002164018|
000002337|000002164021|
000002337|000004630016|
000002337|000004630003|
000002337|000004630014|
000002338|000002164009|
000002338|000004630003|
000002338|000003194002|
000002338|000002164020|
000002338|000004630016|
000002338|000002164027|
000002338|000002164021|
000002338|000004630006|
000002338|000004630014|
000002339|000004630014|
000002339|000004630016|
000002339|000004630012|
000002339|000002164020|
000002339|000004630006|
000002339|000002164021|
000002339|000004630003|
000002339|000002164027|
000002339|000002164004|
000002340|000004630016|
000002340|000002164021|
000002340|000004630014|
000002340|000004630003|
000002340|000002164020|
000002340|000004630012|
000002340|000004630006|
000002340|000002164027|
000002341|000002164010|
000002342|000002164009|
000002342|000002164010|
000002343|000004630007|
000002344|000004630007|
000002344|000004630016|
000002344|000004630014|
000002344|000004630006|
000002344|000004630012|
000002345|000004630007|
000002346|000004630014|
000002346|000004630016|
000002346|000002164027|
000002346|000002164020|
000002346|000004630012|
000002346|000002164018|
000002346|000004630003|
000002346|000003194002|
000002346|000002164031|
000002346|000002164021|
000002346|000004630006|
000002347|000002164020|
000002347|000004630014|
000002347|000004630012|
000002347|000002164027|
000002347|000002164021|
000002347|000004630016|
000002347|000002164034|
000002347|000004630003|
000002347|000002164033|
000002347|000002164004|
000002347|000004630006|
000002348|000002164010|
000002348|000002164011|
000002349|000002164011|
000002349|000002164010|
000002350|000002747016|
000002350|000002747015|
000002350|000002747030|
000002351|000002747015|
000002351|000002747016|
000002352|000002747016|
000002352|000002747009|
000002352|000002747011|
000002352|000002747015|
000002353|000002747016|
000002353|000002747015|
000002353|000002747009|
000002354|000002747016|
000002354|000002747015|
000002354|000002747009|
000002355|000002747016|
000002355|000002747015|
000002355|000002747024|
000002356|000002747017|
000002357|000002747010|
000002357|000002747012|
000002357|000002747013|
000002358|000002747002|
000002358|000002747029|
000002358|000002747020|
000002358|000002747022|
000002359|000002747002|
000002359|000002747022|
000002359|000002747004|
000002359|000002747030|
000002359|000002747029|
000002360|000002747026|
000002360|000002747018|
000002361|000002747018|
000002362|000002747031|
000002362|000002747030|
000002367|000002164010|
000002367|000002164011|
000002367|000003618004|
000002367|000003618008|
000002367|000003699005|
000002368|000004543011|
000002368|000003618006|
000002368|000003618008|
000002368|000003618004|
000002368|000003699005|
000002368|000002164010|
000002368|000002164035|
000002369|000003699005|
000002369|000002164010|
000002370|000002271033|
000002370|000002271031|
000002371|000002271022|
000002371|000002271020|
000002371|000005807002|
000002371|000002271005|
000002371|000002271029|
000002371|000002271031|
000002371|000005814002|
000002371|000002271006|
000002371|000002271009|
000002371|000002271033|
000002371|000005810002|
000002371|000002271003|
000002371|000005811002|
000002371|000002271002|
000002372|000002164017|
000002372|000004566013|
000002372|000003699005|
000002372|000002164010|
000002372|000003699007|
000002372|000004566005|
000002372|000003699002|
000002372|000003672006|
000002372|000003618008|
000002372|000003191003|
000002372|000004566007|
000002372|000004566014|
000002372|000003191002|
000002372|000004566015|
000002372|000002164019|
000002372|000003190002|
000002372|000003618004|
000002373|000002413010|
000002373|000002413012|
000002373|000002413014|
000002374|000002413015|
000002374|000002413016|
000002374|000002413014|
000002375|000002413015|
000002375|000002413014|
000002375|000002413016|
000002376|000002413013|
000002376|000002413006|
000002376|000002413004|
000002376|000004066002|
000002377|000002413016|
000002377|000002413015|
000002377|000002413014|
000002378|000002413008|
000002378|000004083003|
000002379|000002413004|
000002379|000002413013|
000002379|000002413006|
000002379|000004066002|
000002380|000004066002|
000002381|000004050002|
000002382|000004066012|
000002382|000002413004|
000002382|000002413013|
000002382|000003214002|
000002382|000006009007|
000002382|000002413006|
000002382|000004066002|
000002382|000003215002|
000002383|000002413013|
000002383|000004066006|
000002383|000002413006|
000002383|000002413004|
000002383|000004066002|
000002383|000006009007|
000002384|000002413009|
000002384|000004066002|
000002384|000002413004|
000002384|000002413013|
000002384|000003223002|
000002384|000004066010|
000002384|000002413006|
000002384|000004050002|
000002384|000006009007|
000002385|000002413008|
000002385|000002413012|
000002385|000002413014|
000002385|000002413010|
000002386|000002413010|
000002386|000002413012|
000002386|000002413008|
000002388|000002413015|
000002388|000002413016|
000002388|000002413014|
000002390|000003829006|
000002390|000004976002|
000002390|000003829005|
000002390|000002235005|
000002391|000002656034|
000002391|000002656013|
000002391|000002656003|
000002391|000002656028|
000002392|000002656034|
000002392|000002656013|
000002392|000002656035|
000002392|000002656003|
000002393|000002656034|
000002393|000002656013|
000002393|000002656003|
000002394|000002656003|
000002394|000002656013|
000002394|000002656034|
000002395|000002656034|
000002395|000002656013|
000002395|000002656003|
000002395|000002656035|
000002396|000002656003|
000002396|000002656035|
000002396|000002656034|
000002396|000002656013|
000002397|000002656035|
000002397|000002656003|
000002397|000002656013|
000002397|000002656034|
000002398|000002656035|
000002398|000002656003|
000002398|000002656034|
000002398|000002656013|
000002399|000002656013|
000002399|000002656035|
000002399|000002656034|
000002399|000002656003|
000002400|000002656003|
000002400|000002656013|
000002400|000002656035|
000002400|000002656034|
000002401|000002656003|
000002401|000002656035|
000002401|000002656034|
000002401|000002656013|
000002402|000002656013|
000002402|000002656003|
000002402|000002656034|
000002403|000002656035|
000002403|000002656013|
000002403|000002656034|
000002403|000002656003|
000002404|000002656013|
000002404|000002656034|
000002404|000002656003|
000002405|000002656013|
000002405|000002656034|
000002405|000002656003|
000002406|000002656034|
000002406|000002656013|
000002406|000002656035|
000002406|000002656003|
000002407|000002656013|
000002407|000002656034|
000002407|000002656003|
000002407|000002656035|
000002408|000002656013|
000002408|000002656003|
000002408|000002656035|
000002408|000002656034|
000002409|000002656035|
000002409|000002656034|
000002409|000002656003|
000002409|000002656013|
000002410|000002656013|
000002410|000002656035|
000002410|000002656034|
000002410|000002656003|
000002411|000002656034|
000002411|000002656003|
000002411|000002656013|
000002412|000002656013|
000002412|000002656034|
000002412|000002656003|
000002413|000002656003|
000002413|000002656034|
000002413|000002656013|
000002414|000002656034|
000002414|000002656013|
000002414|000002656003|
000002415|000002656003|
000002415|000002656034|
000002415|000002656013|
000002416|000002656034|
000002416|000002656003|
000002416|000002656013|
000002417|000002656034|
000002417|000002656013|
000002417|000002656003|
000002418|000002327027|
000002418|000002327031|
000002418|000002327006|
000002419|000002327027|
000002419|000002327028|
000002421|000005158002|
000002421|000002327025|
000002421|000002327027|
000002422|000002327027|
000002423|000002327028|
000002423|000002327027|
000002424|000002327027|
000002424|000002327028|
000002425|000002327027|
000002425|000002327028|
000002426|000002327027|
000002426|000002327028|
000002427|000002327027|
000002427|000002327028|
000002428|000002327027|
000002428|000002327028|
000002429|000002327027|
000002429|000002327028|
000002430|000002327027|
000002431|000002327027|
000002431|000002327028|
000002432|000002327027|
000002433|000002327027|
000002434|000002327028|
000002434|000002327027|
000002435|000002327027|
000002435|000002327028|
000002436|000002327028|
000002436|000002327027|
000002437|000002327028|
000002437|000002327027|
000002438|000002327027|
000002438|000002327028|
000002439|000002327027|
000002440|000002327027|
000002441|000002327027|
000002442|000002327027|
000002443|000002327027|
000002444|000002327027|
000002445|000002327027|
000002446|000002656013|
000002446|000002656003|
000002446|000002656035|
000002446|000002656034|
000002447|000002327028|
000002447|000002327027|
000002452|000003319002|
000002452|000006084002|
000002452|000002974008|
000002452|000002974021|
000002452|000002969002|
000002452|000002974016|
000002452|000006084004|
000002452|000006076003|
000002452|000006084005|
000002453|000002974004|
000002453|000002974016|
000002453|000006076003|
000002453|000002974002|
000002454|000002714031|
000002454|000002714009|
000002454|000002714020|
000002454|000002712002|
000002454|000002714030|
000002454|000002714027|
000002454|000002714025|
000002454|000002711002|
000002455|000002783013|
000002455|000002783010|
000002455|000002783005|
000002456|000002783013|
000002456|000002783010|
000002456|000002783005|
000002457|000002783005|
000002457|000002783010|
000002457|000002783013|
000002458|000002861014|
000002458|000002861004|
000002458|000002861008|
000002458|000002861007|
000002459|000002440023|
000002459|000002440019|
000002459|000002440002|
000002459|000006877004|
000002459|000006877011|
000002459|000002440022|
000002459|000002440003|
000002459|000002440004|
000002460|000002327015|
000002460|000002327013|
000002460|000002327011|
000002460|000002327026|
000002460|000002327012|
000002460|000002327003|
000002460|000002327016|
000002460|000005448005|
000002460|000002327029|
000002460|000005448004|
000002460|000002327022|
000002460|000002327023|
000002460|000002327030|
000002460|000002327007|
000002460|000002327009|
000002460|000002327005|
000002461|000002327026|
000002461|000002327027|
000002461|000002327028|
000002462|000002327027|
000002462|000002327028|
000002462|000002327026|
000002463|000006923008|
000002463|000004630016|
000002463|000002164007|
000002463|000002164027|
000002463|000002164005|
000002463|000003194002|
000002463|000002164025|
000002463|000004630012|
000002463|000002164024|
000002463|000002164020|
000002463|000004630006|
000002463|000004630014|
000002463|000006923004|
000002463|000006923009|
000002463|000002164021|
000002463|000006923003|
000002463|000004630003|
000002464|000002164007|
000002464|000002164027|
000002464|000002164021|
000002464|000002164020|
000002464|000002164009|
000002464|000002164005|
000002465|000002164027|
000002465|000002164021|
000002465|000002164005|
000002465|000002164009|
000002465|000002164007|
000002465|000002164020|
000002466|000002164027|
000002466|000002164007|
000002466|000002164005|
000002466|000002164013|
000002466|000002164021|
000002466|000002164020|
000002466|000002164009|
000002467|000002164005|
000002467|000002164009|
000002467|000002164021|
000002467|000002164007|
000002467|000002164027|
000002467|000002164020|
000002468|000002164020|
000002468|000002164009|
000002468|000002164021|
000002468|000004566011|
000002468|000004566004|
000002468|000002164015|
000002468|000002164016|
000002468|000002164027|
000002468|000004566006|
000002468|000004566010|
000002468|000002164004|
000002470|000002783013|
000002471|000002783010|
000002471|000002773002|
000002471|000002783013|
000002471|000002783005|
000002471|000002783014|
000002472|000003063002|
000002472|000003076006|
000002472|000003076013|
000002472|000003076014|
000002472|000003059002|
000002472|000005683007|
000002472|000005683006|
000002472|000006926005|
000002472|000006926008|
000002472|000003076016|
000002472|000006926009|
000002472|000003076007|
000002472|000003062002|
000002472|000003061002|
000002473|000002164027|
000002473|000002164009|
000002473|000003607004|
000002473|000003607014|
000002473|000002164005|
000002473|000002164020|
000002473|000003607007|
000002473|000003180002|
000002473|000002164021|
000002473|000002164007|
000002474|000002974015|
000002474|000002974009|
000002474|000002967002|
000002474|000003325002|
000002474|000003326004|
000002474|000002974016|
000002474|000002974021|
000002475|000003326004|
000002475|000002974016|
000002476|000002974015|
000002476|000002974016|
000002476|000003326004|
000002476|000002967002|
000002476|000002974009|
000002477|000005432005|
000002477|000002343013|
000002477|000002336002|
000002477|000002343012|
000002477|000002343010|
000002477|000002343008|
000002477|000005432004|
000002477|000002343014|
000002477|000002343024|
000002477|000002343034|
000002478|000002343014|
000002478|000002343013|
000002478|000002336002|
000002478|000002343006|
000002478|000005679003|
000002478|000002343032|
000002479|000003076006|
000002479|000003076028|
000002480|000003076013|
000002480|000003076006|
000002481|000003076031|
000002481|000003076027|
000002481|000006926007|
000002481|000003062002|
000002481|000005683008|
000002481|000003061002|
000002481|000006926009|
000002481|000003076010|
000002481|000005683006|
000002481|000003060002|
000002481|000005683007|
000002481|000003076032|
000002481|000003063002|
000002481|000003076023|
000002481|000006926008|
000002481|000003076002|
000002481|000003076015|
000002481|000003076006|
000002481|000003076004|
000002482|000006926005|
000002482|000005683006|
000002482|000006926008|
000002482|000006926009|
000002482|000003076008|
000002482|000003063002|
000002482|000003076007|
000002482|000003076013|
000002482|000005683007|
000002482|000003062002|
000002482|000003061002|
000002482|000003076014|
000002482|000003076006|
000002482|000003076023|
000002482|000003059002|
000002482|000003076016|
000002483|000006926004|
000002483|000003076023|
000002483|000005683007|
000002483|000006926007|
000002483|000003062002|
000002483|000006926003|
000002483|000003076015|
000002483|000005683008|
000002483|000003076027|
000002483|000003076028|
000002483|000003060002|
000002483|000003061002|
000002483|000003076031|
000002483|000003076004|
000002483|000003063002|
000002483|000003076006|
000002483|000003076002|
000002484|000003076033|
000002484|000006926004|
000002484|000003076006|
000002484|000003063002|
000002484|000003076030|
000002484|000005683004|
000002484|000003061002|
000002485|000002413015|
000002485|000002413014|
000002485|000002413016|
000002486|000003076006|
000002486|000003076016|
000002486|000003076014|
000002488|000003326004|
000002488|000002974016|
000002488|000002974019|
000002488|000002974009|
000002488|000002974007|
000002488|000002974015|
000002489|000002974007|
000002489|000003326004|
000002489|000002972002|
000002489|000002974016|
000002489|000002967002|
000002489|000002974015|
000002489|000002974019|
000002489|000002974011|
000002489|000002974010|
000002489|000002970002|
000002489|000002974009|
000002489|000002974021|
000002489|000002973002|
000002489|000003325002|
000002489|000002968002|
000002489|000002974012|
000002489|000006076009|
000002490|000002968002|
000002490|000002974010|
000002490|000002974011|
000002490|000002974007|
000002490|000002974019|
000002490|000002974012|
000002490|000002970002|
000002490|000002974009|
000002490|000002967002|
000002490|000003325002|
000002490|000002974016|
000002491|000002974019|
000002491|000002974011|
000002491|000003326004|
000002491|000002974016|
000002491|000002972002|
000002491|000002974007|
000002491|000002974009|
000002491|000002974012|
000002491|000002973002|
000002491|000002974015|
000002491|000002967002|
000002491|000002970002|
000002491|000002968002|
000002492|000002973002|
000002492|000002972002|
000002492|000003326004|
000002492|000002974012|
000002492|000002968002|
000002492|000002974007|
000002492|000002970002|
000002492|000002974016|
000002492|000002974015|
000002492|000002967002|
000002492|000002974019|
000002492|000002974009|
000002492|000002974011|
000002493|000002974007|
000002493|000002974010|
000002493|000002974016|
000002493|000002974019|
000002493|000003325002|
000002493|000002974009|
000002494|000002974013|
000002494|000002974024|
000002494|000002974016|
000002494|000002972002|
000002494|000002974007|
000002494|000003326004|
000002494|000002974019|
000002494|000002974015|
000002494|000002974008|
000002494|000002970002|
000002494|000002967002|
000002494|000002974003|
000002494|000006076003|
000002494|000002973002|
000002494|000002968002|
000002495|000002967002|
000002495|000002974014|
000002495|000002974019|
000002495|000002970002|
000002495|000002968002|
000002495|000002974012|
000002495|000002974011|
000002495|000002974016|
000002495|000002974009|
000002495|000002974007|
000002496|000002974016|
000002496|000002970002|
000002496|000006076003|
000002496|000002974013|
000002496|000002974007|
000002496|000002974008|
000002496|000002968002|
000002496|000002974019|
000002496|000002967002|
000002497|000002974004|
000002497|000002974019|
000002497|000002974016|
000002497|000002974011|
000002497|000002974002|
000002497|000002968002|
000002497|000002970002|
000002497|000002974025|
000002497|000002974012|
000002497|000002974009|
000002497|000002967002|
000002498|000002974025|
000002498|000002974002|
000002498|000002974016|
000002498|000002974019|
000002498|000002974004|
000002498|000006076003|
000002499|000002974004|
000002499|000002974021|
000002499|000002974016|
000002499|000002974002|
000002499|000006076003|
000002500|000002656019|
000002500|000002656010|
000002500|000002656006|
000002500|000002656011|
000002500|000002656005|
000002500|000002656009|
000002500|000002656024|
000002500|000002656025|
000002500|000002656031|
000002500|000002656020|
000002500|000002656032|
000002500|000002656036|
000002500|000002656014|
000002500|000002656015|
000002500|000002656012|
000002500|000002656017|
000002501|000002656034|
000002501|000002656013|
000002501|000002656035|
000002501|000002656003|
000002502|000003076006|
000002503|000003076032|
000002503|000003076006|
000002505|000002164020|
000002505|000002164027|
000002505|000003817017|
000002505|000002164021|
000002505|000003817002|
000002505|000003817013|
000002505|000003817009|
000002505|000002164007|
000002505|000003817004|
000002505|000002164005|
000002505|000003817007|
000002505|000003817012|
000002505|000003817016|
000002505|000003817003|
000002506|000003817016|
000002506|000003817012|
000002506|000002164021|
000002506|000003817004|
000002506|000003817002|
000002506|000003817007|
000002506|000002164027|
000002506|000002164005|
000002506|000003817015|
000002506|000003817009|
000002506|000002164007|
000002506|000003817003|
000002506|000002164020|
000002506|000003817013|
000002507|000005683006|
000002507|000006926009|
000002507|000003061002|
000002507|000003076023|
000002507|000003060002|
000002507|000005683008|
000002507|000006926008|
000002507|000003076015|
000002507|000003076002|
000002507|000003076010|
000002507|000003076027|
000002507|000006926007|
000002507|000003076006|
000002507|000005683007|
000002507|000003063002|
000002507|000003062002|
000002508|000006070006|
000002508|000006070005|
000002508|000006070007|
000002508|000006070003|
000002509|000006070005|
000002509|000006070006|
000002509|000006070004|
000002510|000002974004|
000002510|000002974002|
000002510|000006076003|
000002510|000006076009|
000002510|000002974021|
000002510|000002974016|
000002511|000002974002|
000002511|000002974004|
000002511|000002974021|
000002511|000002974016|
000002511|000006076003|
000002512|000002974004|
000002512|000006076003|
000002512|000002974021|
000002512|000002974002|
000002512|000002974016|
000002513|000004846016|
000002513|000002164027|
000002513|000002164020|
000002513|000002164021|
000002513|000004846014|
000002513|000002164018|
000002513|000004846007|
000002513|000006011004|
000002513|000006011003|
000002513|000004846019|
000002513|000002164031|
000002513|000002164004|
000002513|000002164034|
000002513|000004846015|
000002513|000002164019|
000002513|000006011005|
000002513|000006011002|
000002513|000002164017|
000002514|000002164027|
000002514|000006011004|
000002514|000004846019|
000002514|000002164020|
000002514|000002164007|
000002514|000006011005|
000002514|000002164005|
000002514|000002164021|
000002514|000002164017|
000002514|000006011002|
000002514|000002164019|
000002514|000004846016|
000002514|000004846007|
000002514|000004846015|
000002514|000006011003|
000002515|000004846007|
000002515|000004846015|
000002515|000006011005|
000002515|000002164018|
000002515|000004846014|
000002515|000002164027|
000002515|000002164008|
000002515|000002164033|
000002515|000002164021|
000002515|000006011002|
000002515|000004846019|
000002515|000006011003|
000002515|000002164005|
000002515|000006011004|
000002515|000002164007|
000002515|000002164020|
000002516|000002164035|
000002516|000006011003|
000002516|000004846007|
000002516|000004846019|
000002516|000002164027|
000002516|000006011004|
000002516|000002164025|
000002516|000002164021|
000002516|000004846015|
000002516|000002164029|
000002516|000002164020|
000002516|000006011002|
000002516|000006923009|
000002516|000006923003|
000002516|000006923008|
000002516|000006011005|
000002516|000002164007|
000002516|000002164005|
000002516|000006923004|
000002517|000002974016|
000002517|000002974009|
000002517|000002974021|
000002518|000002576010|
000002518|000002576007|
000002518|000002576020|
000002518|000002576030|
000002518|000002576021|
000002518|000002576023|
000002518|000002576006|
000002518|000002576032|
000002518|000002576027|
000002518|000002576002|
000002518|000002576026|
000002518|000002576019|
000002518|000002576017|
000002518|000002576014|
000002518|000002576016|
000002518|000002576015|
000002519|000002576010|
000002519|000002576006|
000002519|000002576007|
000002519|000002576027|
000002519|000002576026|
000002519|000002576014|
000002519|000002576032|
000002519|000002576002|
000002519|000002576030|
000002519|000002576020|
000002519|000002576021|
000002519|000002576023|
000002519|000002576019|
000002520|000002576029|
000002520|000002576015|
000002520|000002576008|
000002520|000002576025|
000002520|000002576016|
000002520|000002576028|
000002520|000002576034|
000002521|000002576028|
000002521|000002576029|
000002521|000002576025|
000002521|000002576008|
000002521|000002576034|
000002522|000002576028|
000002522|000002576005|
000002522|000002576008|
000002522|000002576034|
000002522|000002576025|
000002522|000002576029|
000002523|000002576028|
000002523|000002576034|
000002523|000002576025|
000002523|000002576029|
000002523|000002576008|
000002523|000002576009|
000002524|000002576008|
000002524|000002576031|
000002524|000002576013|
000002525|000002938002|
000002525|000002938024|
000002525|000002938025|
000002525|000002938027|
000002525|000002938005|
000002525|000002938004|
000002525|000002938033|
000002525|000002938006|
000002525|000006297002|
000002525|000002938023|
000002525|000002938018|
000002525|000006303002|
000002525|000002938011|
000002526|000002714025|
000002526|000002714009|
000002526|000002712002|
000002526|000002714020|
000002526|000002714030|
000002526|000002711002|
000002527|000003844003|
000002527|000003844002|
000002527|000003844004|
000002527|000003844007|
000002528|000002462025|
000002528|000006034007|
000002528|000006034004|
000002528|000002462029|
000002528|000006168006|
000002528|000006034010|
000002528|000002462023|
000002528|000002462011|
000002528|000002462013|
000002528|000002462003|
000002528|000006168003|
000002528|000002462015|
000002528|000002462016|
000002528|000002462021|
000002528|000002462033|
000002528|000006034008|
000002528|000006656002|
000002528|000006659002|
000002528|000006691002|
000002528|000002462009|
000002528|000006661002|
000002528|000006660002|
000002528|000006657002|
000002528|000002462004|
000002528|000002462007|
000002528|000006168002|
000002528|000006034006|
000002528|000006034005|
000002528|000002462008|
000002529|000006034004|
000002529|000006034008|
000002529|000006656002|
000002529|000002462016|
000002529|000002462015|
000002529|000002462009|
000002529|000006034006|
000002529|000002462014|
000002529|000006034007|
000002529|000006034010|
000002529|000006661002|
000002529|000006657002|
000002529|000002462025|
000002529|000006659002|
000002530|000002164027|
000002530|000002164007|
000002530|000004630006|
000002530|000003607007|
000002530|000003693014|
000002530|000003817005|
000002530|000003672009|
000002530|000003672014|
000002530|000003817006|
000002530|000003699014|
000002530|000003693009|
000002530|000003817008|
000002530|000003699011|
000002530|000003618017|
000002530|000002164020|
000002530|000004630011|
000002530|000003453002|
000002530|000004846015|
000002530|000004543012|
000002530|000002164021|
000002530|000004543009|
000002530|000004566010|
000002530|000004846019|
000002530|000005253003|
000002530|000004543005|
000002530|000006011003|
000002530|000003672012|
000002530|000004543006|
000002530|000002164015|
000002530|000003817002|
000002530|000004846008|
000002530|000002164009|
000002530|000004630013|
000002530|000003659006|
000002530|000004630003|
000002530|000003659014|
000002530|000003693010|
000002530|000004630014|
000002530|000003659008|
000002530|000004566011|
000002530|000003699009|
000002530|000003618014|
000002530|000004630016|
000002530|000005265003|
000002530|000003699003|
000002530|000003607014|
000002530|000002164016|
000002530|000003659002|
000002530|000003693005|
000002530|000003618003|
000002530|000004630010|
000002530|000006011005|
000002530|000003607013|
000002530|000004566006|
000002530|000002164005|
000002530|000003699004|
000002530|000003817004|
000002530|000003618004|
000002530|000005294003|
000002530|000003699016|
000002530|000005294002|
000002530|000003607016|
000002530|000003817013|
000002530|000005265002|
000002530|000003659016|
000002530|000003672016|
000002530|000003659012|
000002531|000002440019|
000002531|000002440025|
000002531|000002440003|
000002531|000002440002|
000002531|000002440005|
000002531|000002440023|
000002531|000002440004|
000002531|000002440022|
000002532|000002440002|
000002532|000002440022|
000002532|000002440005|
000002532|000002440023|
000002532|000002440003|
000002532|000002440025|
000002532|000002440019|
000002532|000002440004|
000002533|000002440002|
000002533|000002440007|
000002533|000002440026|
000002533|000002440020|
000002533|000002440025|
000002533|000002440019|
000002533|000002440003|
000002533|000002440022|
000002533|000002440004|
000002533|000002440023|
000002533|000002440005|
000002533|000006830002|
000002534|000006860002|
000002534|000002440022|
000002534|000006877016|
000002534|000006858002|
000002534|000006877002|
000002534|000006877003|
000002534|000006877004|
000002534|000006877017|
000002534|000002440004|
000002534|000006877012|
000002534|000006877005|
000002534|000002440019|
000002534|000006877007|
000002534|000006877008|
000002534|000006877009|
000002534|000002440014|
000002534|000006877010|
000002534|000002440015|
000002534|000006877011|
000002534|000002440025|
000002534|000006877015|
000002534|000006863002|
000002534|000002440005|
000002534|000002440023|
000002534|000006877014|
000002534|000002440002|
000002535|000006877003|
000002535|000006860002|
000002535|000006877004|
000002535|000006863002|
000002535|000002440023|
000002535|000002440015|
000002535|000002440002|
000002535|000006877010|
000002535|000006877005|
000002535|000002440009|
000002535|000002440014|
000002535|000002440019|
000002535|000002440010|
000002535|000006877009|
000002535|000006877007|
000002535|000002440005|
000002535|000006877008|
000002535|000006877012|
000002535|000002440025|
000002535|000006877011|
000002535|000006877002|
000002535|000002440004|
000002535|000002440022|
000002535|000006858002|
000002536|000006877004|
000002536|000002440019|
000002536|000006877015|
000002536|000002440002|
000002536|000002440023|
000002536|000006877011|
000002536|000006877005|
000002536|000006877006|
000002536|000006877014|
000002536|000006877016|
000002536|000006877002|
000002536|000006860002|
000002536|000002440004|
000002536|000006877003|
000002536|000002440022|
000002536|000006877010|
000002536|000006858002|
000002536|000002440005|
000002536|000006863002|
000002536|000006877017|
000002536|000002440025|
000002536|000006877012|
000002537|000006877010|
000002537|000002440019|
000002537|000006877011|
000002537|000002440014|
000002537|000006863002|
000002537|000002440025|
000002537|000002440015|
000002537|000006877012|
000002537|000006877009|
000002537|000006877013|
000002537|000002440004|
000002537|000002440022|
000002537|000006858002|
000002537|000006877002|
000002537|000006860002|
000002537|000006877003|
000002537|000002440002|
000002537|000006877004|
000002537|000002440023|
000002537|000006877008|
000002537|000002440005|
000002537|000006877005|
000002537|000006877007|
000002538|000002440004|
000002538|000002440025|
000002538|000002440019|
000002538|000002440022|
000002538|000006877012|
000002538|000006877007|
000002538|000006877016|
000002538|000002440002|
000002538|000006877003|
000002538|000006877005|
000002538|000006877004|
000002538|000006877002|
000002538|000006877015|
000002538|000002440023|
000002538|000006877010|
000002539|000002440025|
000002539|000006877011|
000002539|000002440019|
000002539|000006863002|
000002539|000006877004|
000002539|000002440004|
000002539|000006858002|
000002539|000002440022|
000002539|000002440005|
000002539|000006860002|
000002539|000002440002|
000002539|000002440023|
000002540|000006860002|
000002540|000006863002|
000002540|000002440023|
000002540|000002440022|
000002540|000002440019|
000002540|000002440004|
000002540|000002440005|
000002540|000006858002|
000002540|000006877004|
000002540|000002440002|
000002540|000006877011|
000002541|000006877012|
000002541|000006860002|
000002541|000002440002|
000002541|000002440023|
000002541|000002440005|
000002541|000006863002|
000002541|000002440022|
000002541|000006858002|
000002541|000006877011|
000002541|000002440004|
000002541|000006877004|
000002541|000002440019|
000002542|000002440002|
000002542|000002440025|
000002542|000002440009|
000002542|000002440003|
000002542|000002440010|
000002542|000002440019|
000002542|000002440023|
000002542|000002440022|
000002542|000002440004|
000002542|000002440020|
000002543|000002440022|
000002543|000002440020|
000002543|000002440023|
000002543|000002440003|
000002543|000002440019|
000002543|000002440002|
000002543|000002440004|
000002543|000002440025|
000002544|000002440020|
000002544|000002440023|
000002544|000002440003|
000002544|000002440002|
000002544|000002440019|
000002544|000002440009|
000002544|000002440022|
000002545|000002440002|
000002545|000002440022|
000002545|000002440023|
000002545|000002440019|
000002545|000002440020|
000002545|000002440004|
000002545|000002440025|
000002546|000002440020|
000002546|000006877012|
000002546|000002440004|
000002546|000002440022|
000002546|000002440023|
000002546|000002440002|
000002546|000002440019|
000002547|000002440002|
000002547|000002440023|
000002547|000002440019|
000002547|000002440022|
000002547|000002440020|
000002547|000002440004|
000002547|000006877012|
000002548|000002440002|
000002548|000002440020|
000002548|000002440022|
000002548|000002440004|
000002548|000002440019|
000002548|000002440023|
000002548|000002440025|
000002549|000002440019|
000002549|000002440002|
000002549|000002440025|
000002549|000002440020|
000002549|000002440004|
000002549|000002440022|
000002549|000002440023|
000002550|000002440023|
000002550|000002440002|
000002550|000002440004|
000002550|000002440020|
000002550|000002440019|
000002551|000002440002|
000002551|000002440004|
000002551|000002440020|
000002551|000002440023|
000002551|000002440019|
000002552|000002440025|
000002552|000002440004|
000002552|000002440023|
000002552|000002440019|
000002552|000002440022|
000002552|000002440020|
000002552|000002440002|
000002553|000002440019|
000002553|000002440004|
000002553|000002440002|
000002553|000002440022|
000002553|000002440020|
000002553|000002440023|
000002554|000002440025|
000002554|000002440022|
000002554|000002440002|
000002554|000002440020|
000002554|000002440019|
000002554|000002440023|
000002554|000002440004|
000002555|000002440004|
000002555|000002440019|
000002555|000002440002|
000002555|000002440022|
000002555|000002440023|
000002555|000002440020|
000002555|000002440025|
000002556|000002440020|
000002556|000002440022|
000002556|000002440002|
000002556|000002440019|
000002556|000002440004|
000002556|000002440025|
000002556|000002440023|
000002557|000002440023|
000002557|000002440002|
000002557|000002440020|
000002557|000002440004|
000002557|000002440025|
000002557|000002440022|
000002557|000002440019|
000002558|000002440020|
000002558|000002440025|
000002558|000002440023|
000002558|000002440022|
000002558|000002440002|
000002558|000002440004|
000002558|000002440019|
000002559|000002440002|
000002559|000002440025|
000002559|000002440022|
000002559|000002440019|
000002559|000002440023|
000002559|000002440004|
000002559|000002440020|
000002560|000002783013|
000002560|000002783005|
000002560|000002783010|
000002561|000002783005|
000002561|000002783010|
000002561|000002783013|
